1	-0.0366892	-0.19678	-0.04287	-0.0351329	-0.237533	-0.0490836	0.641034	-0.0391953	-0.0775351	-0.0760283	-0.0331256	-0.0675783	-0.0340581	-0.0373706	-0.0546572	-0.0608565	-0.0422932	-0.0865346	-0.0457059	0.760552	-0.129261	-0.0446067	-0.0897235	-0.0282415	-0.0629162	0.509807	-0.0680732	0.227154	-0.0443762	-0.0443986	-0.0894532	-0.0324337	-0.0334885	-0.0384989	-0.0797113	-0.0493669	-0.0659986	-0.024273	-0.0595328	-0.0265864	-0.0581302	-0.125299	-0.0619422	-0.0331676	-0.0341906	-0.077456	-0.0389885	0.734937	-0.060139	-0.0390135	-0.0504823	-0.252965	-0.21646	-0.108518	-0.0427664	-0.0795099	0.054064	-0.0571587	-0.0409668	-0.0233178	-0.039621	-0.0604169	-0.0810177	0.00734889	-0.0489609	-0.183541	-0.0399135	-0.072943	-0.0281061	-0.067169	-0.032348	0.0209452	-0.0532833	0.726746	-0.0590322	-0.0998338	-0.125218	-0.157745	0.161116	-0.0270757	-0.00307363	-0.0348916	-0.0535772	-0.05602	-0.0675466	0.0359797	-0.0985331	-0.0233655	0.00222943	-0.0902787	-0.0327869	-0.0753643	0.551085	-0.0446524	-0.0621015	-0.0468125	-0.163302	-0.0328292	-0.0984435	0.507916	-0.122017	0.119598	-0.066072	-0.121895	-0.0972664	0.12286	-0.0237826	-0.0175168	-0.0467508	-0.0269388	-0.0491163	-0.0269692	-0.040267	0.359015	-0.0237341	-0.0475995	-0.0560991	-0.0511962	-0.00673627	-0.0567876	-0.0433974	-0.033804	-0.019404
-0.0366892	1	-0.0871644	-0.024219	-0.00723223	-0.10487	-0.0280711	-0.0608088	-0.0246823	-0.0338909	-0.0368713	-0.00191396	-0.0292429	-0.0116007	0.902348	-0.0304072	-0.0258021	-0.0295925	-0.030891	-0.0291658	-0.0398031	-0.0600446	-0.011003	-0.0422089	-0.0102665	-0.0297105	0.261522	-0.0431143	-0.0661993	-0.0151126	-0.0121042	-0.0381604	-0.0183232	-0.0142533	-0.0157954	-0.0402525	-0.0309802	-0.0312654	-0.0166066	-0.0226921	-0.00745477	-0.0196236	0.244415	-0.0220737	-0.0196006	-0.0124656	-0.0371191	-0.0118275	-0.0338982	-0.0263804	-0.0195494	-0.0235637	0.126174	0.138653	-0.0459573	-0.032033	-0.0396297	0.639845	0.285967	-0.0223554	-0.091466	0.329054	-0.0189752	-0.0387125	0.441539	-0.0163882	0.146096	-0.0178043	0.400695	-0.0148116	-0.0155736	-0.0105636	-0.0243658	-0.0351826	-0.0265007	-0.0287893	-0.0483223	-0.0484817	-0.0622347	-0.0898716	-0.0336786	-0.0318147	-0.0274919	-0.0600861	-0.0217329	-0.0298931	-0.0541446	-0.028699	-0.013121	-0.0254158	0.120347	-0.0126322	-0.0333754	-0.0327515	-0.00102022	-0.0152673	-0.0208819	-0.087829	-0.0158528	0.175428	-0.00681498	-0.11138	-0.0127174	-0.0110652	-0.0729964	-0.038437	-0.0970564	-0.0351648	-0.0105119	-0.0235202	-0.0249974	-0.029036	-0.0175883	-0.018764	-0.00775687	-0.0120763	-0.0188988	-0.00727661	-0.0180864	-0.047799	-0.01151	-0.0159931	-0.0151227	-0.0275567
-0.19678	-0.0871644	1	0.211447	0.205295	0.827686	-0.128056	-0.313163	-0.136354	-0.193071	-0.169204	0.143571	-0.152259	0.205875	-0.096171	-0.131241	0.321318	0.221193	0.38629	0.277233	-0.224447	-0.274451	-0.077366	0.416186	0.143105	-0.156568	-0.294168	-0.176469	0.344531	-0.069439	-0.0974055	-0.184537	-0.0815363	0.182866	0.170813	0.151185	0.261797	0.343553	-0.0958195	-0.0500962	-0.0747126	-0.101627	-0.317438	-0.0565646	-0.106417	-0.0886228	-0.140353	-0.0788076	-0.204064	-0.159152	-0.0712161	0.213706	-0.573496	-0.496258	-0.0729556	-0.109347	-0.198722	-0.115532	-0.218126	-0.0478843	0.447606	-0.187814	-0.0686254	-0.143152	-0.153305	-0.0885799	-0.439665	0.198717	-0.138098	0.192011	-0.108169	-0.0683116	-0.126114	-0.129206	-0.158831	-0.0875408	0.150003	-0.224472	-0.318166	-0.43394	0.155984	0.248586	-0.0839332	-0.219981	-0.132936	0.0370647	0.31694	-0.150485	0.157656	-0.0652455	0.32401	-0.00718029	-0.188827	-0.160437	-0.0833842	0.00679938	-0.00114813	-0.179942	-0.0711836	0.484046	-0.111931	-0.24258	-0.0613804	-0.109489	-0.0753766	0.271639	0.04815	-0.0994953	0.14003	-0.0821655	-0.080741	0.107369	-0.0719668	-0.0693255	-0.075753	-0.00439724	-0.0633607	0.0646969	-0.103267	-0.166338	-0.0736229	-0.0303237	-0.0522942	-0.0758009
-0.04287	-0.024219	0.211447	1	-0.0228577	0.165397	-0.0301071	-0.0576657	-0.0242106	-0.0391469	-0.028611	-0.0259131	-0.0250396	-0.0190727	-0.0219044	-0.0126529	-0.0258362	-0.030576	0.548993	-0.0229992	-0.052444	-0.0634635	-0.0229216	-0.0572852	0.663813	-0.0479962	-0.0735324	-0.0355382	0.0742619	-0.0140359	-0.00890167	-0.0593194	-0.0267621	0.378651	-0.0206551	-0.0416289	-0.0207923	-0.025066	-0.0118273	-0.0367174	-0.0235552	-0.0245124	-0.0714483	-0.0400887	-0.0271494	-0.0248589	-0.0410706	-0.0209482	-0.0555611	-0.0446959	-0.0185578	0.94422	-0.125358	-0.118295	-0.0554714	-0.0219927	-0.0519194	-0.0208171	-0.0611407	-0.0373287	0.187876	-0.0562609	-0.0155354	-0.0512149	-0.0296415	-0.0406289	-0.0961668	-0.000176649	-0.0461566	-0.0170224	-0.0252019	-0.00506004	-0.0199491	-0.0182195	-0.0375709	-0.0390186	-0.0522673	-0.0417667	-0.0602742	-0.0962324	-0.0370942	0.53956	-0.0274059	-0.0635014	-0.0183518	-0.0210332	0.317179	-0.0325848	-0.0127818	-0.029717	0.130049	-0.0272763	-0.0364853	-0.0499083	-0.0146363	-0.0302201	-0.0113932	-0.0909371	-0.0276832	0.204716	-0.0295948	-0.115416	-0.00595438	-0.0268584	-0.0830584	-0.06006	-0.135605	-0.0125683	-0.00503966	-0.0199981	-0.016925	-0.0359239	-0.0178501	-0.0346034	0.000395336	-0.0268442	-0.0309862	-0.0281662	-0.0282409	-0.0212191	-0.0382966	-0.0211608	-0.0198953	-0.0077539
-0.0351329	-0.00723223	0.205295	-0.0228577	1	0.169285	-0.0339898	-0.0638859	-0.0328378	-0.0326357	-0.0439837	-0.014785	-0.040614	-0.00464974	-0.0133763	-0.0274795	-0.0293259	-0.0222664	-0.0327195	-0.00938008	-0.0468543	-0.0712918	-0.011962	-0.0317416	-0.0190141	-0.0256416	-0.0737442	-0.0366631	0.0480438	-0.0291255	-0.016426	-0.0375013	-0.00962213	0.0102025	-0.0252116	-0.0484002	-0.0283785	-0.0312773	-0.0207479	-0.038291	-0.0199093	-0.0301232	-0.0476372	-0.0374011	-0.0262189	-0.0294873	-0.0499962	-0.0194359	-0.0448861	-0.0251877	-0.00312445	-0.0276041	-0.106592	-0.0952573	-0.0449713	-0.0190751	-0.0362823	-0.0130475	-0.0296718	-0.0150191	-0.0802318	-0.019587	-0.0329885	-0.0134777	-0.0258815	-0.0275922	-0.0886254	-0.0132528	-0.010987	-0.0244557	-0.038768	-0.00782221	-0.0339171	-0.0316428	-0.0324018	-0.0120422	-0.0472797	-0.0735481	-0.0826722	-0.105086	-0.0231216	-0.03075	-0.000631061	-0.0351369	-0.0273457	-0.0338101	-0.0464317	-0.0562191	-0.0143796	-0.00521603	0.136219	-0.0137491	-0.0288562	-0.0411055	-0.00809087	0.453355	-0.0198198	-0.1125	-0.0137282	-0.0574929	-0.0183437	-0.125996	-0.0274633	-0.0382283	-0.0977971	-0.0324108	-0.127984	-0.0234574	-0.0113919	-0.00267619	-0.0138543	-0.0335699	-0.0161993	-0.0245331	-0.0157063	-0.0131837	-0.0173853	0.556779	-0.00866118	-0.0199796	-0.0133288	-0.0224422	-0.01552	-0.0133883
-0.237533	-0.10487	0.827686	0.165397	0.169285	1	-0.154205	-0.375778	-0.167809	-0.242054	-0.207574	0.12222	-0.184185	0.162772	-0.120132	-0.158608	0.261188	0.177783	0.3142	0.23417	-0.275102	-0.339668	-0.0911021	0.338202	0.112677	0.300522	-0.368749	-0.217826	0.164412	-0.0928651	-0.114394	0.384618	-0.098949	0.141994	0.13116	0.0995631	0.220301	0.283068	-0.117583	-0.0826968	-0.0889203	-0.134577	-0.382259	-0.0901908	0.156745	-0.101881	-0.18363	0.152156	-0.249715	0.25848	-0.0844912	0.168783	-0.369381	-0.295414	0.235264	-0.134259	0.142909	-0.137536	-0.0221733	0.149676	0.32412	0.0448938	-0.103338	0.145405	-0.181681	-0.114055	-0.312824	0.164594	-0.0595454	0.159313	-0.143077	-0.0805583	-0.151706	-0.161585	-0.189702	0.0230566	0.193994	-0.292817	-0.340278	-0.428349	0.299572	0.195133	-0.106398	-0.175999	-0.168457	-0.00423098	0.383372	-0.205411	0.139299	0.187968	0.287231	0.0815746	-0.128359	-0.159507	-0.101774	-0.0275697	-0.0293964	-0.162048	-0.0865802	0.486571	-0.131205	-0.199329	-0.0735666	-0.140474	-0.0876099	0.213847	0.00487953	-0.116796	0.112983	-0.0213074	-0.103044	0.22101	-0.10206	-0.0437623	-0.0886734	0.0760694	-0.0907493	0.0356091	0.0481281	-0.191489	0.0741366	-0.0604985	-0.0665852	-0.0936633
-0.0490836	-0.0280711	-0.128056	-0.0301071	-0.0339898	-0.154205	1	0.4017	-0.0349117	-0.0597399	-0.0334732	-0.0180422	-0.0332344	-0.0259771	-0.0326677	-0.0303662	-0.0365636	-0.0316374	-0.0434594	-0.0460592	-0.0574263	-0.0797194	-0.00802628	-0.0471174	-0.0155993	-0.0502706	0.356037	-0.0428793	0.0965762	-0.0217672	-0.0230469	-0.0575837	-0.0214196	-0.033669	-0.0216869	0.612938	-0.0456642	-0.0363046	-0.0277818	0.870864	-0.0226463	-0.0311461	-0.091699	0.837472	-0.0326915	0.648392	0.588812	-0.0240723	-0.0492986	-0.0482874	-0.0283862	-0.0254282	-0.16443	-0.139829	-0.0640698	-0.0214913	-0.0538268	-0.0298158	-0.0606233	-0.0372536	-0.104224	-0.0542972	-0.0402905	-0.0437429	-0.0388973	-0.0237419	-0.132922	-0.0336963	-0.0424705	-0.0181025	-0.0219716	-0.00449031	-0.0239859	-0.0354977	-0.036721	-0.0286184	0.389494	-0.0698605	-0.100228	-0.127949	-0.0485683	-0.0424812	-0.0195886	-0.0541559	-0.0495462	0.590586	-0.0752743	-0.0509257	-0.0165291	-0.0264504	-0.141925	0.0991268	-0.0588993	0.00537328	-0.022571	-0.0468603	0.431859	0.127277	-0.0104663	-0.100393	-0.0223577	0.159005	-0.0234645	-0.0236642	0.164956	-0.0495434	0.136581	-0.0263358	-0.0216895	-0.0286691	-0.0134692	-0.0553023	-0.0182141	0.0469614	-0.0184296	-0.00510778	-0.0156437	-0.0404363	-0.0308172	0.0155175	-0.027264	-0.0353477	-0.0224885	-0.0215246
0.641034	-0.0608088	-0.313163	-0.0576657	-0.0638859	-0.375778	0.4017	1	-0.0741467	-0.12865	-0.106725	-0.0436036	-0.0955804	-0.0619455	-0.0648503	0.412896	-0.103902	-0.066387	-0.125725	-0.0847216	0.456991	-0.178039	-0.0592993	-0.117954	-0.0395107	-0.107466	0.704174	-0.101448	0.235907	-0.0659869	0.301332	-0.135679	-0.0496496	-0.0601944	-0.0580965	0.188521	-0.0874964	-0.109255	0.295342	0.333997	-0.0441541	-0.0867098	-0.211298	0.350248	-0.0605137	0.262597	0.539203	-0.0544132	0.442791	-0.0979429	-0.0447676	-0.0605179	-0.312008	-0.256891	-0.163646	-0.0603314	-0.12708	0.093868	-0.0719756	-0.0681907	-0.165524	-0.0411417	-0.0864134	-0.114336	0.0179976	-0.0730344	-0.215874	-0.0710247	-0.0413643	-0.0526258	-0.0681833	0.123051	0.0490347	-0.0838683	0.465598	-0.0767357	0.0738069	-0.120409	-0.184211	-0.00229187	-0.087752	-0.0540236	-0.0495353	-0.118494	-0.089641	0.194498	-0.068229	-0.13105	-0.0478841	-0.03785	-0.048592	0.00269537	-0.120862	0.350014	0.14956	0.265449	0.143168	-0.103367	-0.0581644	-0.184768	0.33221	-0.0954051	0.0611807	-0.0820882	-0.0451865	0.00312543	0.172676	-0.0540671	-0.0390387	-0.0538594	-0.0387242	-0.0944235	-0.0547665	-0.0406999	0.232039	-0.0408385	-0.0735434	0.123434	-0.0614162	-0.0358437	-0.0771356	-0.0659721	-0.0423895	-0.0446071
-0.0391953	-0.0246823	-0.136354	-0.0242106	-0.0328378	-0.167809	-0.0349117	-0.0741467	1	-0.0535064	-0.052973	-0.0266085	-0.0455877	-0.0318362	-0.0218749	-0.033905	-0.0333026	-0.0333639	-0.050668	-0.0418776	-0.0421798	-0.0934237	-0.00576252	-0.0570884	-0.00736426	-0.0544809	-0.080166	0.737684	-0.0938219	-0.0316222	-0.0287668	-0.0664991	-0.0272441	-0.0143428	-0.0260897	-0.0587447	-0.0355984	-0.0416585	-0.016374	-0.0442149	-0.00885253	-0.0202397	0.362192	-0.0444122	-0.0332937	-0.0231113	-0.0579493	-0.0135729	-0.0390291	-0.0500852	-0.0278424	-0.024049	0.184138	-0.170827	-0.0577142	-0.0369802	-0.041486	-0.0363854	-0.0658763	-0.0306354	0.234496	-0.0775409	-0.0378916	-0.0656616	-0.0235217	-0.0165283	-0.147469	-0.0120075	-0.0592643	-0.0204109	-0.0506636	-0.0241609	-0.0132845	-0.046042	-0.0264793	-0.0446178	-0.058119	-0.0999473	-0.114459	-0.133775	-0.054356	-0.0439074	-0.0294611	0.429394	-0.037206	-0.0395164	-0.0788093	-0.0761402	-0.0224503	-0.04539	0.170985	-0.0263089	-0.0405869	-0.0204761	-0.0384426	-0.0498434	-0.020509	-0.139839	-0.0202769	-0.12123	-0.0128872	0.175077	-0.029059	-0.0527199	-0.109856	-0.0696622	-0.164233	0.695107	-0.0102087	-0.0311458	-0.0194734	-0.0297166	0.0190999	-0.00179109	-0.0174296	-0.0229153	-0.0141685	-0.0403639	-0.0104791	0.558775	-0.0251315	-0.0296479	-0.019456	0.530192
-0.0775351	-0.0338909	-0.193071	-0.0391469	-0.0326357	-0.242054	-0.0597399	-0.12865	-0.0535064	1	-0.0717446	-0.0419685	-0.0711054	-0.0452083	-0.0417628	-0.048371	-0.0567939	-0.046908	-0.0745692	-0.0575237	-0.0942635	-0.128291	-0.0109323	-0.0827375	-0.0330736	-0.0728659	-0.144663	-0.0657477	-0.162231	-0.0584857	-0.0360403	-0.0984501	-0.0267573	-0.038877	-0.0359824	-0.0936148	-0.0527999	-0.0607366	-0.0319941	-0.0715866	-0.0352645	-0.0616816	0.555353	-0.0715359	-0.0486469	-0.0395541	-0.088885	-0.0458409	-0.081608	-0.0689003	-0.0314271	-0.0458393	0.298824	0.30858	-0.0917957	-0.0559826	-0.0726164	-0.0566424	0.119866	-0.00769165	-0.189156	0.164586	-0.0514582	0.232335	-0.0820903	-0.05044	0.323621	-0.0392906	0.225656	-0.038102	-0.0519156	-0.0314856	-0.0710487	-0.0664925	-0.0635318	0.300239	-0.0939343	-0.109451	0.252665	0.305299	-0.0693991	-0.0596372	0.448657	0.106078	0.58246	-0.0686039	-0.104738	-0.0751652	-0.0312163	-0.0415138	-0.234503	-0.0335422	0.539725	-0.088617	-0.0259705	-0.0601928	-0.0335377	0.159858	-0.0182422	-0.149709	-0.0381959	-0.0336312	-0.0379949	-0.038068	-0.150151	-0.090861	-0.23479	-0.0383206	-0.0356027	0.301323	-0.0521855	-0.0494949	-0.0532811	-0.0649834	-0.0193051	-0.0309943	-0.0320327	-0.0469083	-0.0451485	-0.0724439	-0.0582306	-0.0323236	0.299171	-0.0195709
-0.0760283	-0.0368713	-0.169204	-0.028611	-0.0439837	-0.207574	-0.0334732	-0.106725	-0.052973	-0.0717446	1	-0.0198925	0.910554	-0.0369306	-0.0385915	-0.0422641	-0.0461802	-0.0451532	-0.0561389	-0.0523334	-0.0832852	0.558083	-0.0137044	-0.0886696	-0.0182224	-0.0651788	-0.118459	-0.0717611	-0.140352	0.584989	-0.0279328	-0.0819992	-0.0308951	-0.0183176	-0.0437066	-0.0652697	-0.0449958	-0.0490952	-0.0252797	-0.0386063	-0.00990717	-0.0395867	-0.138191	-0.0452082	0.0211949	-0.027096	-0.044293	-0.0275562	-0.0761659	-0.012053	-0.0339759	-0.0278609	0.226784	0.253225	-0.0594297	-0.0462566	-0.0383578	-0.0448458	-0.094054	0.00676256	-0.154201	-0.0836079	-0.0446663	-0.0679337	-0.0577957	-0.0300996	0.246909	-0.0385739	-0.0712134	-0.0235707	0.689679	-0.0214094	-0.0489741	-0.0645032	-0.0564572	-0.0528073	-0.0557688	0.434585	0.336626	0.240651	-0.052987	-0.0538862	-0.0310686	-0.0970005	-0.0580719	-0.0464682	-0.0890261	0.591399	-0.0330842	-0.0315401	-0.19771	-0.0307602	-0.0568204	-0.0706447	0.157965	-0.0455712	-0.0358154	0.264101	-0.0214624	-0.122592	-0.0297715	0.140521	-0.0109867	0.688062	0.239879	-0.0530418	0.16174	-0.0517115	-0.0170592	-0.0426654	-0.0348515	-0.0180785	-0.029598	-0.0452254	-0.0225062	-0.0384674	-0.0284601	-0.0629153	-0.021969	-0.0768002	-0.0456278	-0.033	-0.0310007	-0.0390883
-0.0331256	-0.00191396	0.143571	-0.0259131	-0.014785	0.12222	-0.0180422	-0.0436036	-0.0266085	-0.0419685	-0.0198925	1	-0.0234808	-0.0139667	-0.0175233	-0.0171281	-0.0137461	-0.0183796	-0.0276905	-0.0250067	-0.041782	-0.037611	-0.00534006	-0.0306847	-0.0202072	-0.0160248	0.161595	-0.034492	0.110294	-0.0229437	-0.0083206	-0.0191431	-0.00717178	-0.011436	-0.0113532	0.294284	-0.0222386	-0.0129821	-0.0150366	0.417121	-0.00563557	0.043699	-0.0595417	0.400087	-0.000891972	-0.00782029	0.285835	-0.0200601	-0.0299498	-0.0177997	-0.00511792	-0.0272899	-0.0872891	-0.0579015	0.000212493	-0.0089091	0.00937372	-0.0100622	0.00207788	-0.0171381	-0.0554139	-0.0169234	-0.0172947	-0.0127099	0.0154402	-0.0175945	-0.0459569	-0.00451202	-0.0144417	-0.0176943	-0.0189948	0.00500613	0.0294448	-0.0186427	-0.0230144	-0.00498751	0.181687	-0.034072	-0.053124	-0.0490875	-0.0226522	-0.0288476	-0.00785526	-0.0395141	-0.0287611	0.301805	-0.0458622	-0.0208136	-0.0101478	-0.0162956	-0.0776884	-0.00368404	-0.0334613	-0.00285484	0.0001814	-0.0243475	-0.0141099	0.0861863	-0.0121537	-0.0395075	-0.0226611	0.0640841	-0.00509815	-0.0154474	0.112829	-0.00179824	0.0920109	-0.0244007	-0.0101425	-0.0013596	-0.0145506	-0.0209509	0.0396819	0.0243432	-0.0197947	-0.00319447	-0.0103423	-0.0127716	-0.0167579	-0.0413204	-0.019561	-0.010014	-0.0104959	-0.0220312
-0.0675783	-0.0292429	-0.152259	-0.0250396	-0.040614	-0.184185	-0.0332344	-0.0955804	-0.0455877	-0.0711054	0.910554	-0.0234808	1	-0.0365149	-0.029545	-0.0407524	-0.0359028	-0.0399345	-0.0525184	-0.0442505	-0.0740698	0.506357	-0.0119049	-0.0810957	-0.0148575	-0.0550883	-0.108313	-0.0597012	-0.130262	0.657497	-0.0204026	-0.0690385	-0.0293998	-0.0163203	-0.0416681	-0.0603444	-0.0387488	-0.0386695	-0.023126	-0.0417403	-0.0123257	-0.0347138	-0.122138	-0.0475472	0.0360628	-0.027086	-0.0420583	-0.0239346	-0.0689056	0.000474263	-0.025621	-0.0233555	0.204129	0.225801	-0.0433286	-0.0438601	-0.0270757	-0.0349448	-0.0830812	0.0171389	-0.135656	-0.0746928	-0.0405683	-0.0643422	-0.0468843	-0.0293435	0.21786	-0.0288271	-0.0620231	-0.019876	0.758982	-0.0157164	-0.0418002	-0.0592785	-0.0473026	-0.049438	-0.0473346	0.382942	0.295187	0.210498	-0.0442759	-0.0501233	-0.033993	-0.0891219	-0.0561736	-0.0472836	-0.0778846	0.524725	-0.0287872	-0.0300178	-0.173855	-0.0270576	-0.0517291	-0.0602872	0.167813	-0.0415514	-0.0342991	0.235821	-0.0289562	-0.110292	-0.0253142	0.113578	-0.0127367	0.581719	0.20167	-0.0480683	0.136144	-0.0427753	-0.00878153	-0.0420751	-0.0304583	-0.0086052	-0.0268464	-0.0409278	-0.0186346	-0.0376378	-0.0304092	-0.0567669	-0.0263315	-0.0645769	-0.0478683	-0.028581	-0.0308819	-0.0317199
-0.0340581	-0.0116007	0.205875	-0.0190727	-0.00464974	0.162772	-0.0259771	-0.0619455	-0.0318362	-0.0452083	-0.0369306	-0.0139667	-0.0365149	1	-0.0128235	-0.0347752	-0.0356346	-0.0208983	0.526689	-0.0362108	-0.0392387	-0.0556637	-0.0186271	-0.0295943	-0.0107482	-0.0423361	-0.0622602	-0.0401662	0.0377208	-0.0172984	-0.0284227	-0.0565549	-0.013291	0.391725	-0.0112631	-0.0469952	-0.0378604	-0.0428105	-0.0271199	-0.0288073	-0.0153877	-0.0267596	-0.0738701	-0.0305088	-0.0278245	-0.0204408	-0.0414031	-0.0195244	-0.0377539	-0.0372024	-0.017327	-0.0168523	-0.135046	-0.114262	-0.0581495	-0.0129768	-0.0468592	-0.022624	-0.0551029	-0.0267617	0.121088	-0.0508265	0.107613	-0.0466	-0.0293795	-0.0276408	-0.0504079	-0.0254052	-0.0363212	-0.0228998	-0.0227337	-0.00375646	-0.0227547	-0.0201503	-0.0173495	-0.0334728	-0.0508523	0.0205696	-0.00728094	-0.035478	-0.0430414	0.351941	-0.0230765	-0.0526994	-0.020568	-0.0217357	0.179458	0.0450854	0.744447	-0.0235098	0.0688274	-0.014459	-0.0364335	-0.0285626	-0.0284128	-0.0290382	-0.0160055	-0.0419966	-0.0114092	0.128351	-0.00448161	-0.0618876	-0.0205263	-0.0313053	-0.0170882	-0.043903	-0.0390627	-0.0228311	-0.0214989	-0.0271014	-0.0124497	-0.0286523	-0.0135072	-0.0140823	0.0211276	-0.00800293	-0.0196618	-0.019651	-0.0240552	-0.0269781	-0.0285187	0.149534	-0.00439344	-0.0173233
-0.0373706	0.902348	-0.096171	-0.0219044	-0.0133763	-0.120132	-0.0326677	-0.0648503	-0.0218749	-0.0417628	-0.0385915	-0.0175233	-0.029545	-0.0128235	1	-0.0309655	-0.0328912	-0.0241577	-0.0318772	-0.0306729	0.0496504	-0.0663824	-0.0115783	-0.0413056	-0.0106259	-0.0395456	0.297371	-0.0400801	0.01978	-0.0173685	-0.0126074	-0.0496449	-0.0199048	-0.0161338	-0.0219129	-0.0511989	-0.0320384	-0.0389347	-0.0190938	-0.0364637	-0.00831456	0.150843	0.21336	-0.0361465	-0.0234572	-0.0144828	-0.0449215	-0.016958	-0.0330914	-0.0360476	-0.0204295	-0.0242383	0.0890082	0.149894	0.0168324	-0.0354249	0.0294895	0.582304	0.319943	-0.0272406	-0.098923	0.286334	-0.0230868	-0.0501527	0.519901	-0.0143665	0.158741	-0.0258523	0.354077	-0.0158387	-0.0166285	-0.0111359	0.0792206	-0.0354633	-0.0255574	-0.0375862	-0.0540617	-0.0506953	-0.0621088	-0.0542884	-0.0470185	-0.0324841	-0.0332765	-0.0636145	-0.0142561	-0.0314144	-0.0658167	-0.0345205	-0.0149907	-0.0352485	0.0892341	-0.0149524	-0.0295608	0.0171105	-0.00276256	-0.0204285	-0.0229159	-0.0915196	-0.0175527	0.153473	-0.00746682	-0.114484	-0.0142095	-0.0149717	-0.080675	-0.0246097	-0.105798	-0.0305857	-0.0183272	-0.0277209	-0.0237849	-0.0331137	0.0885103	0.0540781	-0.00992325	-0.0172299	-0.0198625	-0.0138186	-0.0216959	-0.0462786	-0.018993	-0.0199209	-0.0192283	-0.0206476
-0.0546572	-0.0304072	-0.131241	-0.0126529	-0.0274795	-0.158608	-0.0303662	0.412896	-0.033905	-0.048371	-0.0422641	-0.0171281	-0.0407524	-0.0347752	-0.0309655	1	-0.048843	-0.0266527	-0.0505746	-0.0417729	-0.0618039	-0.0380807	-0.0297457	-0.0243679	-0.0147735	-0.0437007	0.340941	-0.0408556	0.132146	-0.0285074	-0.0340115	-0.0557185	-0.0145717	-0.0229351	-0.0286193	-0.0559107	-0.0415157	-0.0504278	0.718727	-0.033998	-0.0161585	-0.0312996	-0.0884281	-0.0289129	-0.0298199	-0.0202595	0.550455	-0.028468	-0.0598447	-0.0411689	-0.00568688	-0.00892761	-0.168792	-0.138427	-0.0634096	-0.0266953	-0.0548642	-0.0334063	-0.0568076	-0.0287207	-0.108486	-0.0453415	-0.027498	-0.0319895	-0.0485429	-0.0308371	-0.117402	-0.0297511	-0.0334879	-0.0232603	-0.0023417	-0.0151982	-0.0379556	-0.0312118	-0.0368469	-0.0199851	-0.0635893	-0.0585688	-0.0837316	-0.112705	-0.0479238	-0.0309238	-0.0115268	-0.0612292	-0.0300125	-0.0334635	-0.059521	-0.0328064	-0.026271	-0.0305314	0.155891	-0.0204825	-0.0506296	-0.0440386	0.417925	0.572686	-0.0317346	-0.118259	-0.0343906	-0.0898034	-0.00803139	-0.155463	-0.020717	-0.0210987	-0.0984135	0.200291	0.0172454	-0.0277359	-0.0179412	-0.000333712	-0.0184306	-0.0429582	-0.0307721	-0.0439222	-0.0136359	-0.0243602	-0.0438766	0.258189	-0.022234	-0.0454552	-0.0346322	-0.0249022	-0.00772013	-0.0262031
-0.0608565	-0.0258021	0.321318	-0.0258362	-0.0293259	0.261188	-0.0365636	-0.103902	-0.0333026	-0.0567939	-0.0461802	-0.0137461	-0.0359028	-0.0356346	-0.0328912	-0.048843	1	-0.027424	-0.0608443	-0.0329928	-0.063678	-0.0915246	-0.034591	-0.0725739	-0.0168322	-0.0622317	-0.102657	-0.0564407	0.127629	-0.0321854	-0.0377262	-0.0745795	-0.0261068	-0.0149897	-0.0323528	-0.049498	-0.0303273	0.908549	-0.0337778	-0.0362567	-0.0207039	-0.0309088	-0.109293	-0.0382054	-0.0401537	-0.0252338	-0.0680618	-0.030472	-0.0662842	-0.0605969	-0.0417231	-0.0330922	-0.209645	-0.179688	0.246598	-0.0407741	-0.0683986	-0.0421777	-0.0806894	-0.0389354	0.291387	-0.076968	-0.0571495	-0.0628763	-0.0457104	-0.0225041	-0.172707	0.572936	-0.0553649	0.61345	-0.0345462	-0.0245205	-0.0379337	-0.016766	-0.0493717	-0.0427564	-0.0281353	-0.0854561	-0.114016	-0.151976	0.574348	-0.056065	-0.0323461	-0.0764218	-0.0376377	0.025912	0.39425	-0.0768313	-0.0273308	-0.0439041	0.168397	-0.00551404	-0.0604432	-0.0485636	-0.0325867	-0.0594767	-0.0400433	-0.116958	-0.0335599	0.26225	-0.0298511	-0.145426	-0.0225803	-0.0392468	-0.0814666	-0.0635013	-0.132646	-0.0143544	0.446694	-0.00708524	-0.0309477	-0.0454219	-0.0175509	-0.0229809	-0.021201	-0.0125659	-0.0271622	-0.0469246	-0.0378661	-0.0542478	-0.0303273	-0.0420228	-0.00901691	-0.00728424
-0.0422932	-0.0295925	0.221193	-0.030576	-0.0222664	0.177783	-0.0316374	-0.066387	-0.0333639	-0.046908	-0.0451532	-0.0183796	-0.0399345	-0.0208983	-0.0241577	-0.0266527	-0.027424	1	-0.0378236	-0.0322043	-0.042817	-0.0622399	-0.0196659	0.494318	-0.0150247	-0.0415142	-0.0744212	-0.0364982	0.12992	-0.0301442	-0.0111932	-0.048301	-0.00890099	-0.0198293	-0.0254137	-0.0520579	-0.0338406	-0.03712	-0.0176011	-0.0359714	-0.0127857	-0.0180808	-0.0841628	-0.035914	-0.0291943	-0.0212823	-0.0484791	-0.0119535	-0.0418839	-0.0396813	-0.0180686	-0.0304487	-0.142884	-0.128242	-0.053012	-0.0216827	-0.049095	-0.0286033	-0.056647	-0.0306661	0.205916	-0.0525002	-0.0228051	-0.0440402	-0.0349299	-0.0178306	-0.11512	-0.0110861	-0.0472607	-0.0170425	-0.0348642	-0.0120277	-0.0216637	-0.0324619	-0.0386185	-0.0372458	-0.0579959	-0.0585939	-0.0846519	-0.117883	-0.0383732	-0.0337237	-0.0272712	-0.061233	-0.0382274	-0.0372407	-0.0592019	-0.0433601	-0.0151954	-0.0273044	0.155745	-0.0215069	-0.0522329	-0.0457031	-0.0220233	-0.0330961	-0.0284787	-0.113079	-0.0184327	0.225606	-0.0315648	-0.128456	-0.015254	-0.0320857	-0.0847423	0.363138	0.134854	-0.0314055	-0.00167364	-0.0307466	-0.0247003	-0.0371227	-0.00983694	-0.0194793	-0.0232447	-0.0150758	-0.0137379	-0.0300234	-0.0181572	-0.041594	-0.0315962	-0.0162001	-0.0128574	-0.0186021
-0.0865346	-0.030891	0.38629	0.548993	-0.0327195	0.3142	-0.0434594	-0.125725	-0.050668	-0.0745692	-0.0561389	-0.0276905	-0.0525184	0.526689	-0.0318772	-0.0505746	-0.0608443	-0.0378236	1	-0.0576862	-0.0939707	-0.112619	-0.0254768	-0.0821047	0.363122	-0.0732982	-0.133615	-0.0653757	0.138729	-0.0376462	-0.0411396	-0.0893125	-0.032093	0.640776	-0.0354721	-0.0812243	-0.060086	-0.0683121	-0.0335961	-0.0531077	-0.034426	-0.0413384	-0.130628	-0.056783	-0.0445012	-0.0404112	-0.0744307	-0.0288953	-0.0767962	-0.0675062	-0.0324098	0.553199	-0.241462	-0.211518	-0.0946876	-0.0427641	-0.0844901	-0.0496909	-0.102638	-0.054914	0.221388	-0.0916294	0.0377685	-0.0750691	-0.0644548	-0.0247122	-0.160509	-0.0228656	-0.0729225	-0.040448	-0.0398704	-0.0187329	-0.0482067	-0.0545717	-0.061852	-0.0547777	0.0153425	-0.0563853	-0.0992759	-0.155979	-0.0820861	0.697808	-0.0422785	-0.098909	-0.0470112	-0.0419063	0.383147	-0.0175054	0.415309	-0.0549998	0.142862	-0.0273216	-0.0760055	-0.0756334	-0.0381405	-0.0574915	-0.038514	-0.0836946	-0.0368197	0.247666	-0.0387789	-0.152894	-0.0290798	-0.044675	-0.0710172	-0.0472485	-0.116253	-0.0280856	-0.0323302	-0.0423241	-0.0309963	-0.0549058	-0.0338239	-0.0441057	-0.00541396	-0.0229519	-0.00299769	-0.0508554	-0.0486807	-0.0594025	-0.0506406	0.0636992	-0.0203395	-0.0260659
-0.0457059	-0.0291658	0.277233	-0.0229992	-0.00938008	0.23417	-0.0460592	-0.0847216	-0.0418776	-0.0575237	-0.0523334	-0.0250067	-0.0442505	-0.0362108	-0.0306729	-0.0417729	-0.0329928	-0.0322043	-0.0576862	1	-0.0569936	-0.0890278	-0.0213094	-0.052009	-0.0149421	-0.030543	-0.0980772	-0.0542772	0.102661	-0.0427301	-0.0252362	-0.0502938	-0.0314494	-0.0266306	0.00537106	0.626116	0.925505	-0.036182	-0.0189477	-0.0517254	-0.0110068	-0.0309646	-0.102396	-0.0532795	-0.0251075	-0.0254708	-0.067663	-0.0314366	-0.0400922	-0.0310621	-0.0254445	-0.0210751	-0.18399	-0.159304	-0.0600864	-0.0313508	-0.0520586	-0.0331881	-0.0628403	0.154013	-0.126007	-0.0506484	-0.0260305	-0.0362895	-0.0503219	-0.0129778	-0.142225	-0.0251496	-0.0455342	-0.0170165	-0.0435405	-0.0311766	-0.0408535	-0.052291	-0.0343787	-0.0287006	0.412308	-0.0753181	-0.105418	-0.135313	-0.0332975	-0.0472037	-0.0147741	-0.0666543	-0.0484458	-0.0524871	-0.0650418	-0.0538988	-0.036093	-0.0219402	-0.149029	-0.0187153	-0.0599799	-0.0486122	-0.0235958	-0.0298989	-0.0309496	0.198435	-0.0213786	-0.105849	-0.0336696	0.167801	0.00841871	-0.0438577	0.249066	-0.0684553	0.163612	-0.0263014	-0.0257739	-0.0109428	-0.0159215	0.599137	-0.0305863	-0.0415618	-0.0239289	-0.0224163	-0.0228485	-0.0252301	-0.0282536	-0.054782	-0.0311589	-0.0198249	-0.0135035	-0.0145366
0.760552	-0.0398031	-0.224447	-0.052444	-0.0468543	-0.275102	-0.0574263	0.456991	-0.0421798	-0.0942635	-0.0832852	-0.041782	-0.0740698	-0.0392387	0.0496504	-0.0618039	-0.063678	-0.042817	-0.0939707	-0.0569936	1	-0.141613	-0.0475153	-0.0987287	-0.0338985	-0.0774871	0.673246	-0.0805432	0.473399	-0.0529818	-0.053544	-0.108922	-0.0422792	-0.0457273	-0.0430602	-0.0931762	-0.0565554	-0.0677294	-0.0360134	-0.0683214	-0.0349186	0.509196	-0.152955	-0.0739162	-0.0371418	-0.034339	-0.0964214	-0.0467978	0.613442	-0.0752966	-0.0464642	-0.0605441	-0.289539	-0.0642772	0.159498	-0.0509143	0.197631	0.0385713	0.166462	-0.043756	-0.117778	-0.0684361	-0.0590409	-0.103792	0.34434	-0.0532225	-0.0324979	-0.0392288	-0.0870726	-0.0327688	-0.050508	-0.0330021	0.408566	-0.0619644	0.613607	-0.0738331	-0.0929403	-0.12146	-0.163321	0.262346	-0.0474799	-0.0206832	-0.0497946	-0.0821914	-0.0614974	-0.0653522	-0.0639327	-0.0909767	-0.0286592	-0.0208958	-0.193713	-0.0430024	-0.0887475	0.662856	-0.0402846	-0.0784111	-0.0457698	-0.16626	-0.0458558	-0.0832248	0.429063	-0.17977	0.102434	-0.0502986	-0.115828	-0.0485193	0.0632782	-0.033295	-0.0244663	-0.0579263	-0.0325321	-0.0385355	0.372953	0.249859	0.305323	-0.0374787	-0.0539145	-0.0628097	-0.0604092	-0.0261832	-0.0696953	-0.0456057	-0.0428167	-0.0245069
-0.129261	-0.0600446	-0.274451	-0.0634635	-0.0712918	-0.339668	-0.0797194	-0.178039	-0.0934237	-0.128291	0.558083	-0.037611	0.506357	-0.0556637	-0.0663824	-0.0380807	-0.0915246	-0.0622399	-0.112619	-0.0890278	-0.141613	1	-0.0418758	-0.13637	-0.0337214	-0.0981346	-0.195628	-0.116198	-0.242379	0.390316	-0.0563495	-0.137257	0.275012	-0.0463394	-0.0601738	-0.128297	-0.08279	-0.0965534	-0.0441001	-0.0878691	0.106897	-0.0659229	-0.235282	-0.0916229	-0.0223211	-0.0536147	-0.0827448	-0.0607451	-0.0345528	-0.0594053	-0.0480712	-0.0631969	0.352068	0.303226	-0.125678	0.368144	-0.0912304	-0.0705465	-0.159754	-0.0353219	-0.279883	-0.146118	0.226369	-0.123006	-0.0906801	0.161479	0.403857	-0.0649089	-0.122679	-0.0583057	0.418353	-0.0380858	-0.0755264	0.462091	-0.109672	-0.101998	-0.130714	0.741873	0.580612	0.400918	-0.104094	-0.103902	-0.0738948	-0.171702	-0.0897625	-0.0844106	-0.16694	0.54555	-0.0451352	-0.0708184	-0.300457	-0.0525396	-0.0886504	-0.124868	0.0953787	-0.0603176	-0.0626614	0.396271	-0.0478523	-0.213526	-0.0675489	0.212008	0.0876541	0.40123	0.4246	-0.115297	0.267131	-0.0825357	-0.0465769	-0.0833607	0.261872	-0.0710422	-0.0424522	-0.0684753	-0.0447071	-0.0543363	0.0500488	-0.0503965	-0.00485394	-0.102419	-0.045745	0.220955	-0.0540216	-0.0735606
-0.0446067	-0.011003	-0.077366	-0.0229216	-0.011962	-0.0911021	-0.00802628	-0.0592993	-0.00576252	-0.0109323	-0.0137044	-0.00534006	-0.0119049	-0.0186271	-0.0115783	-0.0297457	-0.034591	-0.0196659	-0.0254768	-0.0213094	-0.0475153	-0.0418758	1	-0.0490729	-0.0207232	-0.0291652	-0.0603314	-0.012913	-0.080222	-0.00858048	-0.0170717	-0.0305774	-0.0207686	-0.0207897	-0.0300228	-0.0234728	-0.0156858	-0.0304941	-0.0199716	-0.0114451	-0.0164032	-0.0199658	0.220659	-0.0118245	-0.0254408	-0.000776906	-0.0276106	-0.00415316	-0.051433	-0.0287586	-0.00186866	-0.0112653	0.134034	0.127322	-0.0472474	-0.0227208	-0.0387383	-0.014587	-0.0354729	-0.0303232	0.143357	-0.0254043	-0.0294306	-0.0195152	-0.028791	-0.0313106	-0.0663724	-0.0206779	-0.0172495	-0.0225192	-0.0166828	-0.00602746	-0.0282273	-0.0319401	-0.0335281	-0.0143936	-0.0428869	-0.0438981	-0.0509119	-0.0772007	-0.0337725	-0.0193315	-0.0123101	0.216463	-0.0203389	-0.0215868	-0.039686	-0.0291628	-0.0110669	-0.0102371	0.105472	-0.013178	-0.0199545	-0.0459936	-0.0154861	-0.034757	-0.0124182	-0.0758744	0.604433	-0.0244375	-0.0267678	0.0854288	-0.023811	-0.0156882	-0.0664823	-0.00263732	-0.111977	0.00123767	-0.0108917	-0.00906409	-0.0155833	-0.0318432	-0.0173975	-0.0241297	-0.0246771	-0.0168188	0.48729	-0.0279922	-0.00771612	-0.0192617	-0.0188025	-0.0247615	-0.00633313	0.012134
-0.0897235	-0.0422089	0.416186	-0.0572852	-0.0317416	0.338202	-0.0471174	-0.117954	-0.0570884	-0.0827375	-0.0886696	-0.0306847	-0.0810957	-0.0295943	-0.0413056	-0.0243679	-0.0725739	0.494318	-0.0821047	-0.052009	-0.0987287	-0.13637	-0.0490729	1	-0.0294734	-0.0755698	-0.148788	-0.0814214	0.256099	-0.0634012	-0.0409206	-0.0954405	-0.0367897	-0.0408968	0.461451	-0.09045	-0.0674741	-0.0829538	-0.0477704	-0.0572596	-0.0259161	-0.0505776	-0.157576	-0.0533973	-0.047083	-0.0280883	-0.0823714	-0.0293013	-0.0937499	-0.0775067	-0.0362108	-0.0595739	-0.29595	-0.259642	-0.114184	-0.0520643	-0.0938464	-0.0560971	-0.112169	-0.0576611	0.314221	-0.0986075	-0.0409727	-0.0789848	-0.0724558	-0.0372109	-0.22676	-0.0371755	-0.0809226	-0.0568505	-0.07148	-0.034958	-0.0567732	-0.0734031	-0.0801996	-0.0575117	-0.000633353	-0.122853	-0.166774	-0.229329	-0.0950866	-0.0754092	-0.043479	-0.118866	-0.06204	0.122165	-0.127785	-0.0876614	-0.0276903	-0.0612338	0.225157	-0.0281765	-0.0905689	-0.0766236	-0.0221111	-0.0623069	0.19733	-0.144437	-0.030662	0.35447	-0.0478996	-0.180811	-0.0220522	-0.061475	-0.0890173	0.591251	0.256421	-0.049337	-0.0214998	-0.052437	-0.0428067	-0.0765259	-0.0206838	-0.0361519	-0.0409218	-0.0308545	-0.0414395	-0.0318342	-0.032671	-0.0857927	-0.047505	-0.0362693	-0.0313709	-0.0378415
-0.0282415	-0.0102665	0.143105	0.663813	-0.0190141	0.112677	-0.0155993	-0.0395107	-0.00736426	-0.0330736	-0.0182224	-0.0202072	-0.0148575	-0.0107482	-0.0106259	-0.0147735	-0.0168322	-0.0150247	0.363122	-0.0149421	-0.0338985	-0.0337214	-0.0207232	-0.0294734	1	-0.0279351	-0.0463848	-0.0180398	0.0759955	-0.00724689	-0.00890162	-0.0373774	-0.0202669	0.251028	-0.0188343	-0.0254686	-0.0146219	-0.0206754	-0.00744862	-0.0205561	-0.0110512	-0.0188817	-0.0513753	-0.0230331	-0.0182674	-0.0167028	-0.0275555	-0.0160572	-0.0362334	-0.0233778	-0.010115	0.626656	-0.0773373	-0.0851295	-0.0362165	-0.0157726	-0.0307373	-0.0191128	-0.04483	-0.0208247	0.124971	-0.0398828	-0.0175228	-0.0351602	-0.0251387	-0.024532	-0.0622883	-0.0124515	-0.0403721	-0.0037519	-0.014999	-0.0101846	-0.0196811	0.00184246	-0.0258688	-0.0347477	-0.0304911	-0.0160622	-0.0339807	-0.0632844	-0.0212545	0.354979	-0.0282813	-0.0475124	-0.0172883	-0.0129696	0.200593	-0.0200582	-0.0105067	-0.0143063	0.0818763	-0.0164161	-0.030765	-0.0356783	-0.0146621	-0.0206801	-0.00194407	-0.0512941	-0.0252016	0.136138	-0.0197577	-0.0723283	-0.0099108	-0.0138833	-0.054063	-0.0287314	-0.0771753	0.00241729	-0.000368304	-0.030344	-0.0109709	-0.0224317	-0.0165843	-0.0256274	0.0186209	-0.0161853	-0.0244592	-0.0185256	-0.0206486	0.00509409	-0.0258141	-0.0137972	-0.0209851	0.00155783
-0.0629162	-0.0297105	-0.156568	-0.0479962	-0.0256416	0.300522	-0.0502706	-0.107466	-0.0544809	-0.0728659	-0.0651788	-0.0160248	-0.0550883	-0.0423361	-0.0395456	-0.0437007	-0.0622317	-0.0415142	-0.0732982	-0.030543	-0.0774871	-0.0981346	-0.0291652	-0.0755698	-0.0279351	1	-0.120417	-0.0722648	-0.159147	-0.0356061	-0.0395519	0.784997	-0.0215314	-0.0361918	-0.047653	-0.0589222	-0.0288734	-0.0578002	-0.0411158	-0.0527058	-0.0297398	-0.0528609	-0.100851	-0.0520504	0.558793	-0.0318867	-0.071095	-0.00911516	-0.0722108	0.901624	-0.0148608	-0.0489477	0.239799	0.238269	0.516785	-0.042592	0.617073	-0.0384382	0.275402	0.418686	-0.13407	0.333487	-0.0515178	0.421385	-0.060025	-0.0367056	0.081331	-0.0382979	-0.016946	-0.0350642	-0.0564377	-0.0261074	-0.0566892	-0.0503917	-0.0504402	0.0122215	0.150324	-0.107095	-0.132151	-0.155257	0.346743	-0.0512748	-0.0311463	-0.041433	-0.0513754	-0.0632455	0.222064	-0.0798329	-0.000713577	0.542053	0.0488019	-0.0085885	-0.0584664	-0.0667954	-0.0226417	-0.051443	-0.0529741	-0.00295521	-0.0304959	0.121874	-0.0268837	-0.00764873	-0.0227914	-0.0448665	0.0351509	-0.0574801	-0.0328782	-0.0348522	-0.0283091	0.00260707	-0.0348386	0.281444	-0.0462156	-0.0460025	-0.0206491	-0.0106777	-0.0436	-0.0359121	-0.0221111	-0.0437548	0.00282106	-0.0418564	-0.0187505	-0.0319486
0.509807	0.261522	-0.294168	-0.0735324	-0.0737442	-0.368749	0.356037	0.704174	-0.080166	-0.144663	-0.118459	0.161595	-0.108313	-0.0622602	0.297371	0.340941	-0.102657	-0.0744212	-0.133615	-0.0980772	0.673246	-0.195628	-0.0603314	-0.148788	-0.0463848	-0.120417	1	-0.122563	0.475191	-0.075364	-0.0742671	-0.156053	-0.0581161	-0.069957	-0.0649169	0.232993	-0.0973283	-0.108553	0.272111	0.405918	-0.0513376	0.339447	-0.14193	0.383906	-0.0677617	0.237292	0.552618	-0.0658623	0.39548	-0.115651	-0.0569194	-0.0772154	-0.364257	-0.164255	0.032572	-0.0739618	0.0760251	0.210502	0.154457	-0.0750689	-0.244146	0.00404664	-0.0872016	-0.138373	0.359094	-0.0782354	-0.119459	-0.0691069	0.0222274	-0.0537458	-0.0675101	-0.0373121	0.26703	-0.0971663	0.422629	-0.0918536	0.0960714	-0.185218	-0.251326	0.03487	-0.102324	-0.0684116	-0.0701417	-0.148475	-0.0988521	0.251813	-0.144682	-0.13097	-0.0466572	-0.057236	-0.100681	-0.00431966	-0.138985	0.464414	0.13652	0.241554	0.12557	-0.144636	-0.0686661	-0.115467	0.291575	-0.165481	0.0514805	-0.0736775	-0.0647104	0.00676589	0.0969083	-0.0701433	-0.0460964	-0.0726974	-0.0500813	-0.0916244	0.245269	0.181643	0.203913	-0.0469421	-0.0810151	0.126339	-0.078018	-0.0600018	-0.0898758	-0.0696991	-0.0636068	-0.055262
-0.0680732	-0.0431143	-0.176469	-0.0355382	-0.0366631	-0.217826	-0.0428793	-0.101448	0.737684	-0.0657477	-0.0717611	-0.034492	-0.0597012	-0.0401662	-0.0400801	-0.0408556	-0.0564407	-0.0364982	-0.0653757	-0.0542772	-0.0805432	-0.116198	-0.012913	-0.0814214	-0.0180398	-0.0722648	-0.122563	1	-0.151523	-0.0440034	-0.0264906	-0.0906831	-0.0395073	-0.0139973	-0.0410231	-0.075499	-0.053122	-0.0666793	-0.0270489	-0.0542836	-0.0152877	-0.0429011	0.498713	-0.0519187	-0.0476609	-0.0248348	-0.0699642	-0.0275863	-0.0693177	-0.0696892	0.441788	-0.0287165	0.259635	-0.145632	-0.0963165	-0.0394386	-0.0822333	-0.0364552	-0.0961561	-0.0479115	0.329381	-0.0903059	-0.0466029	-0.0811134	-0.0504227	-0.0320208	-0.198381	-0.0230525	-0.067052	-0.0392736	-0.0658405	-0.020353	-0.0422038	-0.0533092	-0.039414	-0.056161	-0.093438	-0.125848	-0.147895	-0.187682	-0.0819758	0.0306563	-0.0377734	0.596068	-0.0440247	-0.0528179	-0.10864	-0.0991922	-0.0272395	-0.0591627	0.247965	-0.0343476	-0.0570894	-0.0552615	-0.0409197	-0.059513	-0.0335869	-0.194942	-0.024666	-0.159566	-0.028071	0.232262	-0.0335432	-0.0755257	-0.158706	-0.0811682	-0.220297	0.528129	-0.0146149	-0.04348	-0.0283019	-0.0536972	-0.0190683	-0.0356623	-0.0333813	-0.0334795	-0.0198488	-0.042285	-0.0252926	0.755283	0.0338385	-0.0387267	-0.0194665	0.400416
0.227154	-0.0661993	0.344531	0.0742619	0.0480438	0.164412	0.0965762	0.235907	-0.0938219	-0.162231	-0.140352	0.110294	-0.130262	0.0377208	0.01978	0.132146	0.127629	0.12992	0.138729	0.102661	0.473399	-0.242379	-0.080222	0.256099	0.0759955	-0.159147	0.475191	-0.151523	1	-0.101626	-0.0747643	-0.201377	-0.0644722	0.0741564	0.149938	0.164246	0.0934123	0.122112	0.156178	0.131876	-0.0667371	0.416775	-0.303355	0.115271	-0.0928241	0.0767455	0.196153	-0.0716241	0.107274	-0.15292	-0.080982	0.0883897	-0.61217	-0.317865	0.112674	-0.086258	0.0813538	-0.0564641	0.0307176	-0.0829579	0.0883117	-0.175125	-0.0696632	-0.167737	0.218584	-0.0795151	-0.242002	0.0951553	-0.144923	0.0624794	-0.0760115	-0.0520144	0.288592	-0.111724	0.161873	-0.114162	0.114431	-0.191519	-0.284917	-0.119689	-0.00099156	0.0837084	-0.0804311	-0.218727	-0.109417	0.169542	0.0824948	-0.129128	0.0277164	-0.0991846	0.0493829	-0.0476411	-0.168064	0.29178	-0.00870225	0.148797	0.107503	-0.183459	-0.0877825	0.167039	0.135357	-0.248201	0.0114604	-0.0882925	-0.0778778	0.224107	0.0707437	-0.0795227	0.0639048	-0.0838988	-0.0514703	0.0064622	0.302292	0.195789	0.111498	-0.0605274	-0.082702	0.0941236	-0.0929412	-0.130809	-0.110263	-0.0633169	-0.0650947	-0.0564627
-0.0443762	-0.0151126	-0.069439	-0.0140359	-0.0291255	-0.0928651	-0.0217672	-0.0659869	-0.0316222	-0.0584857	0.584989	-0.0229437	0.657497	-0.0172984	-0.0173685	-0.0285074	-0.0321854	-0.0301442	-0.0376462	-0.0427301	-0.0529818	0.390316	-0.00858048	-0.0634012	-0.00724689	-0.0356061	-0.075364	-0.0440034	-0.101626	1	-0.0165454	-0.0453588	-0.0133945	-0.00916673	-0.0367133	-0.0475384	-0.0359942	-0.0344253	-0.0267262	-0.027774	-0.00525587	-0.0354507	-0.0941386	-0.0320636	0.0665047	-0.0193888	-0.0448122	-0.0107486	-0.0432563	0.0277762	-0.0069293	-0.0154659	0.158814	0.166303	-0.0235043	-0.0324284	-0.00904625	-0.0103259	-0.062659	0.038275	-0.104234	-0.0517406	-0.0336185	-0.0533054	-0.0288107	-0.0169036	0.164194	-0.0232033	-0.0403287	-0.021806	0.583814	-0.0174081	-0.0426772	-0.0372579	-0.0277421	-0.0459657	-0.0265457	0.284744	0.222998	0.156231	-0.0401085	-0.0320298	-0.0343041	-0.0682774	-0.0471321	-0.026038	-0.056691	0.381053	-0.0108324	-0.0224795	-0.134717	-0.014103	-0.0317282	-0.0451798	-0.0152059	-0.0516145	-0.022538	0.173696	-0.0143644	-0.0682864	-0.0183401	0.134396	-0.0156206	0.544939	0.202362	-0.0443238	0.147447	-0.0340958	-0.00780019	-0.0407939	-0.0235519	0.00999069	-0.034191	-0.0324829	-0.00966604	-0.0108327	-0.0118869	-0.0311179	-0.0194941	-0.0505142	-0.0225941	-0.0290824	-0.0245626	-0.0226623
