1	-0.0438017	-0.0382215	-0.0831803	-0.0256255	-0.0171166	-0.0442189	-0.0306777	-0.0267543	-0.0305216	-0.0405833	-0.0506264	-0.0349449	-0.0544698	-0.0315442	-0.0648941	-0.0552988	-0.167998	-0.0621851	-0.0677164	-0.0263787	-0.0117354	-0.0242941	-0.175291	-0.0544954	-0.0511839	-0.0374895	-0.0236443	0.476308	-0.0309145	-0.0434951	-0.0536789	-0.020466	-0.0552206	-0.0512553	-0.0671569	-0.0155316	-0.0487609	-0.0500355	-0.0738216	-0.0641586	-0.0285947	-0.0532064	-0.0370683	-0.0692004	-0.0196653	-0.0268684	-0.119563	-0.0261743	-0.131532	-0.0493218	-0.0331141	-0.0688571	-0.0200906	-0.0429669	0.50086	-0.0124268	-0.0207954	-0.038198	-0.0338183	-0.0325322	-0.00894282	-0.0952398	-0.056252	-0.0640402	0.00600793	-0.0264709	-0.0574277	-0.0814979	-0.0178677	-0.0445247	-0.0340812	-0.0308754	-0.0334452	-0.011297	-0.0417506	-0.0523422	-0.0501753	-0.0536445	-0.0022554	-0.0103478	-0.0294049	-0.000813681	-0.0171445	-0.0272817	-0.0152545	-0.0533521	-0.0366037	-0.0512141	-0.0297465	-0.0306199	-0.0388585	-0.0279518	-0.00591692	0.108923	0.0158611	-0.0259058	0.00338989	0.0112069	-0.0295343	-0.0208725	0.0851399	-0.000682513	0.211403	0.138304	-0.0734605	-0.0381928	-0.0208558	-0.00321802	-0.0771432	-0.0324005	-0.0148168	-0.0147625	-0.0252081	-0.0800403	-0.0723379	-0.00575844	0.126937	-0.0412812	0.0161462	0.014297	-6.56413e-05	0.0946783	-0.0118401	-0.0424963	0.0205863	0.238866	0.0275441	-0.0560667	-0.0168091	-0.0466187	0.0302965	-0.0112427	-0.054803	-0.0208487	0.162333	0.0137036	0.0191478	-0.024647	-0.00840486	-0.00134153	-0.0235636	0.00422298	-0.0262408	-0.0521865	0.00916428	-0.0104358	-0.0155538	-0.0283639	-0.0268147	0.0300402	0.0042367	0.00321493	-0.00494722	-0.0496758	0.0312788	-0.0165578	-0.0260371	-0.0555826	-0.0230549	0.00929191	0.00241803	-0.0210099	-0.0234186	-0.019011	-0.0302585	-0.0184369	-0.0220528	0.0451033	-0.0669399	-0.0675991	-0.0252027	0.00509426	0.0422192	0.0373853	-0.0266757	0.101914	-0.0292047	-0.0233691	-0.0265835	0.107563	0.0477684	0.0775021	-0.0164316	-0.0219817	-0.047959	0.0138295	-0.00370421	-0.0252373	-0.0314104	-0.0254549	0.0349384	-0.00246482	-0.015457	0.00151825	-0.0463403	-0.0147185	0.000268325	-0.0302276	0.0548346	-0.0310167	-0.00218295	-0.0154285	0.0130116	0.0309573	-0.0268628	-0.00472161	-0.0323743	-0.0424537	-0.0137033	0.0282121	-0.018811	-0.00839037	-0.0362872	-0.012682	-0.0365377	-0.0467473	0.0343935
-0.0438017	1	-0.0285457	-0.0691908	-0.00737112	-0.0306813	0.909596	-0.0100997	-0.0160529	-0.0259197	-0.044397	-0.0400686	-0.0373557	0.748811	-0.0208672	-0.0399481	-0.0366393	-0.117895	0.660464	0.575087	0.669028	-0.0243894	-0.0177428	-0.116204	-0.0376918	-0.0332232	-0.0193926	-0.0241986	-0.0866994	-0.0322369	-0.0376673	-0.0183987	0.000414299	-0.0521042	-0.0270025	-0.0436493	-0.0149774	-0.0392232	-0.0504392	-0.0671749	-0.0550972	-0.0214741	-0.0390501	-0.0417492	0.608737	-0.0256807	-0.0343495	0.319184	-0.0220197	0.265942	-0.0255099	-0.0212328	-0.0644107	-0.00661751	-0.0176757	-0.0521628	-0.0167619	-0.0269457	-0.0334446	-0.0257406	-0.0160359	-0.0240047	-0.0953239	0.0124191	-0.0552726	-0.0262293	-0.0160098	-0.0279564	-0.0443379	-0.0235987	0.0389693	-0.0260642	-0.0547765	-0.0218037	-0.0297336	-0.0260941	-0.0656533	0.388366	-0.0612943	-0.0180372	0.0182576	-0.0291881	0.037179	-0.0221527	-0.033886	-0.0241265	0.315518	-0.0172065	-0.0427761	-0.0126888	-0.0385147	-0.031415	0.000501683	0.00660101	-0.00951666	-0.0253737	0.0106393	-0.0166273	-0.016247	-0.0474902	-0.0157942	-0.034756	-0.0159585	0.0018212	-0.0452653	0.13942	-0.0214057	-0.0320403	-0.00427382	-0.0543136	-0.0206718	-0.022507	-0.00957493	-0.0254497	0.118966	0.129485	-0.0125748	-0.028623	-0.0316216	0.0925722	-0.0647696	-0.0241613	-0.0184122	0.00967052	0.403061	-0.0228841	-0.0216855	0.118527	0.166289	-0.0214667	-0.0353056	0.101761	-0.0198319	-0.0706374	0.471393	-0.0246575	-0.0218708	-0.0254129	-0.0172949	-0.0141298	-0.0129612	-0.0185491	-0.0150945	-0.0420961	-0.0752068	0.0318678	-0.0457571	-0.0197593	-0.066145	-0.0181781	0.157833	-0.084593	-0.0217011	0.029507	-0.0419278	-0.0652053	-0.00808874	-0.00584675	-0.0599706	-0.0142965	-0.0151817	0.00998198	-0.0290758	0.00256616	0.0862502	-0.0137664	-0.00713183	0.00851748	0.16585	-0.0736443	-0.0742402	0.0522966	-0.00672124	0.126196	0.0152022	-0.0481598	0.0482574	-0.0727536	-0.002957	0.0541131	-0.0384166	-0.0192432	-0.0333986	-0.0141163	-0.0351745	0.00963171	-0.0328991	-0.0221687	-0.0190619	-0.0246465	0.000438592	0.0950929	-0.0140783	-0.00136271	0.114372	-0.0559868	-0.0398773	-0.0611004	-0.0352936	-0.0269649	-0.00868259	-0.0446757	-0.0238112	-0.0189494	-0.0205055	-0.0206108	-0.0334489	-0.0719506	-0.0346201	-0.0166289	0.0947824	-0.00265769	-0.0156862	-0.0278187	-0.00654314	-0.0332731	-0.0287628	-0.03349
-0.0382215	-0.0285457	1	-0.0416282	-0.0126868	-0.00921027	-0.0318845	-0.0237103	-0.00702039	-0.0171616	-0.0302769	-0.037827	-0.0273373	-0.0435243	-0.0287241	-0.0412553	-0.031696	-0.104715	-0.0483277	-0.0474106	-0.0174614	-0.00497062	-0.0103391	-0.100905	-0.0274441	-0.0256914	-0.0223109	-0.0326568	-0.0671418	-0.0265518	-0.0217488	-0.0301494	-0.0216148	-0.0267442	-0.0362245	-0.0422264	-0.00765769	-0.027386	0.58437	-0.0429361	-0.0271928	-0.0122575	-0.0253929	-0.0186617	-0.0405538	-0.0112919	-0.0118629	-0.0742621	-0.0233615	-0.0846531	-0.0360452	-0.0193053	-0.048231	-0.0175284	-0.0389248	-0.0412736	-0.0164752	-0.0179303	-0.02376	-0.0149308	-0.0137629	-0.0234958	-0.0651956	-0.0309279	-0.0466954	-0.0121448	-0.01304	-0.0302342	-0.0533744	-0.0208573	-0.0157271	-0.0260752	-0.0327321	-0.0228791	-0.0219524	-0.0322734	-0.0400648	0.324318	-0.0451147	0.00124185	-0.0010436	-0.016597	-0.00159855	-0.000764594	-0.0305254	-0.00206984	0.290358	-0.000168271	-0.0366543	-0.0260417	-0.0281223	-0.0295852	-0.0161217	-0.0239742	-0.0323151	0.0147657	-0.019358	-0.00386238	-0.0279422	-0.00903569	-0.0304017	-0.0458823	-0.0196062	-0.0223077	-0.0756489	0.156286	0.0072227	-0.0164876	-0.0107358	-0.0370125	-0.0255085	0.00320534	-0.0241093	-0.0119752	0.129223	0.134388	0.0150279	-0.0307692	-0.0245515	0.0792471	-0.057761	0.0305548	-0.0504283	0.00683518	0.382672	-0.017561	0.000343788	0.0937066	0.171753	-0.0213478	-0.0182146	0.0801223	-0.0121904	-0.0395127	-0.0037048	-0.0304053	-0.0201429	-0.0202671	-0.0072595	-0.020176	-0.0373432	-0.0131012	-0.0137434	-0.0202265	-0.0655177	-0.0315394	-0.0383123	-0.0136041	-0.0425095	0.0220279	0.128494	-0.0668911	-0.0288948	-0.0173155	-0.0382548	-0.0703959	-0.0174954	-0.0174184	-0.0263707	-0.0202075	-0.00609466	-0.00390785	-0.0164794	-0.0237423	0.0823593	-0.027579	-0.0179725	-0.0163237	0.140567	-0.06734	-0.0611804	0.0744761	-0.0238757	0.122716	-0.0224566	-0.0522984	0.00118272	-0.0339734	-0.0284	-0.0116503	-0.0199894	-0.0144093	-0.00749797	-0.0320432	-0.0202919	-0.0323566	-0.0361542	-0.0170737	-0.0178193	-0.0277363	-0.00712882	0.125885	-0.0217624	-0.0476878	0.118616	-0.0477053	-0.0368578	-0.0482268	-0.0388483	-0.0111723	0.0139795	-0.0567826	-0.0182029	-0.0298118	-0.00148482	-0.0110546	-0.025777	-0.0589632	-0.021903	-0.00530853	0.0928901	-0.0284457	-0.00716527	-0.0190741	-0.0099602	-0.0428385	-0.0222268	-0.0109017
-0.0831803	-0.0691908	-0.0416282	1	-0.0406929	-0.0355331	-0.0793978	-0.0471498	0.339317	-0.0547239	0.509897	-0.0932869	-0.0457525	-0.0934256	-0.0461101	-0.117039	-0.0779588	-0.292902	-0.104772	-0.114372	-0.0484522	0.253339	-0.0365404	0.0295897	-0.0779931	0.576421	-0.0394382	-0.0221324	-0.13816	-0.077611	-0.0630944	-0.0922353	-0.0384337	0.319963	-0.0878188	-0.100902	0.266884	-0.0729982	-0.053256	0.462078	-0.111702	-0.0335421	-0.0531706	-0.0478714	-0.0948538	0.341369	0.347384	0.230724	0.309993	0.190529	-0.0770946	-0.0174134	-0.0895478	-0.0302474	-0.0784328	-0.0483139	0.0211127	0.0231734	-0.0595788	0.205904	-0.0348231	-0.0372937	0.258227	-0.0840583	0.286464	0.173349	0.174201	-0.0966773	-0.0405906	-0.0348329	-0.0766895	-0.0381086	0.324287	-0.0605146	0.279763	-0.0771057	0.0278574	-0.0919149	0.113201	0.143219	-0.0745133	-0.0437437	-0.0572111	-0.0343547	-0.0523687	-0.018508	0.0311126	-0.0323747	0.112406	-0.0107333	0.102466	-0.0159055	-0.0565509	0.00820239	-0.0498888	0.00660238	-0.0615181	-0.0369532	-0.014718	0.035178	0.0980939	0.00297385	-0.0306943	0.0191108	-0.0530112	-0.0363997	-0.0421295	0.10738	-0.0188323	0.126072	0.12273	-0.0324728	-0.0485322	-0.0428562	-0.0557818	-0.0465852	-0.0217883	-0.00634598	-0.0569774	-0.0871119	0.066291	-0.0283151	-0.0464636	0.0364163	-0.0691596	-0.008673	-0.0322701	-0.0930433	-0.0709028	-0.0326483	0.0399813	-0.104405	0.00313142	0.0613213	-0.0455478	0.0257603	-0.018887	0.0148134	0.129991	0.0260098	-0.0782396	-0.0369495	0.172529	0.0150656	-0.0098987	-0.0292421	-0.0539219	-0.0236585	-0.0307219	-0.00154881	-0.0464261	0.0796443	-0.0445104	-0.0587067	0.0496624	-0.038933	0.0014698	-0.0299327	0.0742744	-0.0244771	-0.0167414	-0.00346259	0.0104003	-0.00635077	0.0310002	0.0113313	-0.0129298	0.0106332	-0.04618	0.0343734	0.0320727	0.0340041	0.0308874	-0.043139	-0.0795593	0.0127597	-0.0383391	0.0789563	0.00825736	-0.0411095	-0.0191944	-0.0380509	-0.00404562	-0.0462011	0.127489	-0.0591934	-0.0257952	0.047955	-0.0299682	0.018232	-0.0369553	-0.0444315	0.00161821	-0.0131603	-0.0205757	0.0540913	0.0189783	0.0341403	0.0507764	-2.88923e-05	0.0103046	-0.0170419	0.0334564	-0.0338795	-0.0227403	-0.0366713	-0.0297726	0.0206599	0.00805743	-0.0349188	0.00749099	-0.00577426	-0.0277044	0.0204308	-0.0312278	0.037384	0.0273174	-0.0155511
-0.0256255	-0.00737112	-0.0126868	-0.0406929	1	-0.00502724	-0.0151763	0.754009	-0.0138526	-0.0205266	-0.0179711	-0.0290694	-0.0218021	0.407777	-0.0224637	-0.017721	0.426433	-0.0597131	0.339446	0.276419	-0.00353432	-0.0153168	-0.0178463	-0.0597329	-0.0179449	-0.0301559	-0.0234772	-0.00957948	-0.0517117	-0.0191536	-0.0124571	-0.0310292	0.719742	-0.0322235	0.350831	0.277716	-0.00330561	0.0153526	-0.0162768	-0.016576	-0.0307895	0.0913518	-0.0127333	-0.01606	0.190093	-0.0236915	-0.0171323	0.153602	-0.0230974	-0.0420411	0.0994753	-0.0108193	-0.034012	-0.0183005	0.371165	-0.0267718	-0.00916861	-0.00462734	-0.0125659	-0.0116216	-0.00543366	-0.0141584	0.0513304	-0.00265271	0.0909805	-0.00386098	-0.00673025	-0.0113892	-0.0227051	-0.0239081	0.0080537	-0.0132142	-0.0229979	0.0214023	-0.00949358	0.00615034	-0.0256231	0.0145649	0.0831106	-0.0111484	-0.00198133	-0.0157909	-0.0124168	0.0134164	-0.0107574	-0.00880082	0.0096786	0.0370655	-0.0223438	-0.0179214	-0.0186933	-0.0270782	0.212975	-0.0115456	0.0084184	-0.0212332	-0.0113314	-0.00764123	-0.0214426	-0.0146038	-0.00691495	-0.0350933	-0.00752163	0.000812224	-0.021217	-0.0277539	-0.00190752	-0.00794156	-0.015075	0.0533248	-0.00174136	0.00776192	-0.0227985	-0.0104063	-0.0236681	-0.0191845	0.0343501	0.000267874	-0.0218717	-0.016106	-0.0351836	0.0313916	-0.00326875	-0.0511552	0.0195632	-0.0116267	-0.0173366	0.0790341	-0.00564527	0.208666	-0.00905973	0.0627672	-0.0115273	-0.025416	0.0422225	-0.00731211	-0.0173738	-0.0153123	-0.0271604	-0.00803568	-0.0103056	-0.0110808	-0.0064227	0.149014	0.0521657	-0.00438244	-0.0191783	-0.0100758	0.0875861	-0.0124874	-0.00766634	-0.0661234	0.00654429	0.00148668	-0.030627	-0.0595392	-0.00958643	-0.0109062	-0.0356202	-0.0204183	-0.0173348	0.0372374	0.141056	-0.0225954	-0.0352915	-0.024625	-0.0107196	-0.00269147	-0.0133016	-0.0529452	-0.0550145	-0.0460799	-0.0180359	-0.02385	-0.00978504	0.0653084	-0.0261061	-0.0315797	-0.0106313	0.0148613	-0.0264904	0.0100251	-0.00705556	-0.00750344	-0.0144846	0.00236329	-0.0108951	-0.0106487	-0.00651584	-0.0151597	-0.00941224	-0.0181686	0.249851	0.0451837	-0.00605011	-0.0469074	-0.0241747	-0.035112	-0.02612	0.0106187	-0.00793585	0.0313474	-0.0240837	0.0618881	-0.0013488	0.000669986	-0.0150797	-0.0384651	-0.0128408	-0.00921969	-0.0204064	-0.0192576	-0.0121766	-0.0113992	-0.0157838	-0.0384678	-0.0271391	0.0120489
-0.0171166	-0.0306813	-0.00921027	-0.0355331	-0.00502724	1	-0.0306328	-0.0066478	-0.00282077	0.00214574	-0.0215984	-0.00474207	-0.00657584	-0.0294549	-0.0255281	0.32739	-0.0186215	0.114692	-0.0381043	-0.0331391	-0.0210944	-0.0175134	-0.0140214	0.0140238	0.163634	-0.00922084	-0.0198243	-0.0198914	-0.0417288	-0.0240413	-0.0182186	-0.0291976	-0.00366571	-0.0278053	-0.0181536	-0.0249786	-0.0111937	0.166212	-0.0200637	-0.0371055	-0.0166486	-0.00729229	-0.0236836	-0.0217223	-0.037499	-0.0181417	-0.0183928	-0.0596704	-0.00119557	-0.0662228	-0.0192207	-0.0164434	-0.0297307	-0.00312652	-0.00739416	0.00982582	0.001852	-0.00367817	-0.0168465	-0.000612111	-0.0160202	0.0197246	0.0275746	-0.0321745	-0.00932978	0.00726736	0.00956892	-0.0280471	0.0153033	-0.00287911	-0.0209495	-0.0206397	-0.0037907	-0.0141311	-0.00371795	-0.0216546	0.0538747	-0.0244647	-0.0105579	-0.0112594	-0.0173348	-0.0236304	-0.0157285	0.00151592	-0.0186449	-0.00722975	-0.0375429	-0.013287	-0.0241623	-0.0125162	-0.0122625	-0.00906972	0.00104926	0.00416611	0.0361025	0.0622864	-0.0285012	0.00451597	-0.000531036	0.0307696	-0.0137208	0.00145451	0.00356188	-0.0137836	0.0393342	-0.00986135	-0.0156314	-0.0210723	0.0589844	-0.0235844	-0.0229276	0.00222898	-0.00922398	-0.00118182	-0.0173928	-0.010418	-0.00136185	0.0202394	-0.0160742	0.004384	-0.0171294	0.0779508	0.0164228	-0.0512984	-0.0273626	-0.000320998	-0.00147942	0.0150535	0.000129296	-0.00981258	0.00343646	0.00980715	-0.00799018	0.0303129	-0.0176383	0.0359319	-0.00633807	0.0501505	0.0334368	-0.0125549	-0.0289783	-0.00838691	-0.00747681	0.0261468	0.00202329	0.0103471	-0.02103	0.00978509	0.00294016	-0.0158343	0.0158023	-0.0234067	0.00605356	-0.0260755	0.0125504	-0.0221686	-0.00211154	-0.0133171	-0.0175416	-0.0107704	-0.00265124	0.0315388	0.0405006	-0.0130667	-0.00430607	-0.0220886	-0.0118297	-0.0135924	0.0149511	-0.0396307	-0.0413469	-0.0144026	-0.00975375	0.0074953	0.000734134	0.0100027	0.00458875	0.00644828	-0.0137237	-0.0111819	0.00743785	-0.017216	0.00866782	-0.00862618	-0.00919615	-0.0271859	-0.0186937	-0.0108302	-0.0223851	-0.00556574	-0.0144448	0.00344217	0.0694167	0.00460002	0.00927604	-0.00554849	0.0145995	-0.0197175	-0.00679879	0.019462	-0.00451044	0.00918416	-0.0062408	-0.00257873	-0.00559962	-0.0113548	0.000692043	0.00852239	0.0048825	0.00653497	-0.00949927	-0.00441163	0.0760856	-0.0220481	0.00417488	-0.0132306	-0.0243781	0.0189877
-0.0442189	0.909596	-0.0318845	-0.0793978	-0.0151763	-0.0306328	1	-0.0163579	-0.0219175	-0.0289702	-0.0478559	-0.0447304	-0.0386341	0.822345	-0.0226044	-0.047739	-0.0422086	-0.138127	0.727301	0.636723	0.615205	-0.0247879	-0.0143503	-0.137115	-0.0409889	-0.0422239	-0.0213208	-0.0253096	-0.0890676	-0.0330826	-0.0386085	-0.046693	0.0924221	-0.0571329	0.115278	0.0727614	-0.0199573	-0.0422664	-0.0548126	-0.0730099	-0.0614827	-0.0198708	-0.0377242	-0.038122	0.562152	-0.0256592	-0.0355135	0.358475	-0.0259393	0.234575	0.12751	-0.0207494	-0.0662508	-0.0089194	0.136939	-0.0558967	-0.0204596	-0.0281107	-0.0337142	-0.0290603	-0.0188848	-0.0264562	-0.114747	0.0313766	-0.0780556	-0.0292404	-0.0184469	0.0130394	-0.0304985	-0.0312162	0.0659322	-0.027434	-0.0592952	0.023692	-0.0265405	0.00701307	-0.0681489	0.353445	-0.0232791	-0.0183375	0.0109968	-0.0293542	0.0300237	-0.0237541	-0.0105778	-0.0216388	0.285756	-0.0240591	-0.0461217	-0.0113806	-0.0388209	-0.0334968	-0.00875769	0.00608815	-0.027085	-0.025611	0.00249248	-0.0231724	-0.0197456	-0.0481361	-0.0212541	-0.0446005	-0.0147473	0.00364018	-0.0672518	0.120678	0.0498019	-0.0342574	-0.0320363	-0.0256799	-0.0221328	-0.0248723	0.0564071	-0.0244878	0.102651	0.112292	-0.0129147	-0.034446	-0.0316943	0.0714237	-0.0370287	-0.0186627	-0.0195498	0.0250135	0.371	-0.0265973	-0.0250685	0.0886824	0.144551	-0.0223467	-0.0329249	0.0844705	-0.024955	-0.0750463	0.44061	-0.027361	-0.0275561	-0.0308944	-0.0242415	-0.0161588	0.00552985	-0.0221883	-0.0118249	-0.0461125	-0.0689701	0.024833	-0.0230756	-0.0179872	-0.0508101	0.0646755	0.135527	-0.0641639	-0.0169879	0.0256357	-0.0486708	-0.0635301	-0.00180939	-0.00967549	-0.0258708	-0.0117679	-0.0204001	-0.0101956	-0.0436135	-0.00185104	0.0945756	-0.0209929	-0.0116823	0.0144801	0.146029	-0.0366417	-0.0399482	0.0263636	-0.00997681	0.107187	0.0517375	-0.0497826	0.0457293	-0.0656298	0.0736146	0.04912	-0.0423305	-0.0218348	-0.0359439	-0.0166012	-0.0364474	0.0527222	-0.0382954	-0.0244351	-0.02383	-0.0310864	-0.00278093	0.0766009	-0.0218241	0.0354718	0.0959603	-0.0591435	-0.017264	-0.0680151	-0.0430098	-0.0330572	-0.015317	-0.0263125	-0.0288257	-0.0174025	-0.0258439	-0.0205848	-0.0332535	-0.0556165	-0.0064297	-0.0117429	0.076502	-0.000511628	-0.0213238	0.0238796	-0.012054	-0.0373912	-0.00545284	-0.0372084
-0.0306777	-0.0100997	-0.0237103	-0.0471498	0.754009	-0.0066478	-0.0163579	1	-0.0181244	-0.0204754	-0.0168793	-0.0286535	-0.0183027	0.542691	-0.0227552	-0.032532	0.574412	-0.106374	0.278119	0.231269	-0.0146861	-0.00656711	-0.0148464	-0.102622	-0.0312993	-0.0354295	-0.0276581	-0.0113873	-0.0565129	-0.0280312	-0.00787006	-0.0354537	0.608256	-0.0283126	0.283406	0.2262	-0.00379701	-0.0323266	-0.0329373	0.109991	-0.0406956	-0.0214911	-0.0116515	-0.0156793	0.157951	-0.018527	-0.013221	0.215955	-0.0265884	0.0443471	0.070796	-0.0124388	-0.0371045	-0.0152909	0.302324	-0.0174393	0.01719	0.0155962	-0.0144047	-0.0167809	-0.0124248	-0.0207508	0.0252395	0.00251387	0.0649489	-0.0010018	-0.0173258	-0.0270102	-0.0245885	-0.0257845	0.0163472	-0.0183522	-0.0207647	0.0166142	-0.00533391	0.00068459	-0.0334935	-0.019017	0.0620763	-0.00831421	-0.00186485	-0.018525	-0.0136944	-0.00838627	-0.0178752	-0.0158078	-0.0235232	0.0203438	-0.0262304	-0.0168924	-0.0149272	-0.00344851	0.168972	-0.0121091	0.0260476	-0.0139768	-0.0111418	-0.022503	-0.0192184	-0.0147564	-0.0146682	-0.0409306	-0.00965947	-0.00617055	0.00387846	-0.0315469	-0.0122168	-0.00461858	-0.0166225	0.0312965	-0.00697763	-0.0128145	-0.0214452	-0.0139734	-0.0497193	-0.027588	0.0242071	0.0243767	-0.0203375	-0.0256957	-0.0109497	0.105358	-0.0128389	-0.0515387	-0.0178784	-0.00713407	-0.0207262	0.0723221	-0.00744298	0.225044	-0.00851901	0.0600191	-0.01344	-0.034252	-0.0173993	-0.00967342	-0.0159419	-0.0198091	-0.0314409	-0.0226941	-0.0106956	-0.00915081	-0.0061945	0.118593	0.051912	0.0498504	0.01562	-0.0173064	0.094595	-0.0142702	-0.00989467	-0.0643362	0.000816655	-0.00782072	-0.0360135	-0.0633985	-0.0144163	-0.0147606	-0.00218736	-0.0108975	-0.0195614	0.01873	0.103853	-0.0211607	-0.00655964	-0.0254013	-0.0158997	-0.00670727	-0.011128	-0.0296773	-0.0308364	-0.0296162	-0.0171724	-0.0228796	-0.0183994	0.0786226	-0.027216	-0.0129075	-0.00675287	0.0145486	-0.0375933	0.0162562	-0.0116375	-0.0104128	-0.00903693	-0.00346805	0.0156402	-0.016494	-0.0157113	-0.0213827	-0.0155972	-0.0426332	0.212319	0.0316088	-0.0253519	-0.025317	-0.00216345	-0.0147362	-0.0250706	0.0176652	-0.0118716	0.0323929	-0.0315269	0.0407118	-0.0104363	-0.0112807	-0.0190901	-0.0101608	0.00241584	-0.0141578	-0.0296645	0.0372647	0.0709851	-0.0118894	-0.0105935	-0.00740057	-0.0319306	0.00857164
-0.0267543	-0.0160529	-0.00702039	0.339317	-0.0138526	-0.00282077	-0.0219175	-0.0181244	1	-0.0180047	-0.0336443	-0.0281173	-0.00874046	-0.0284883	-0.00850765	-0.0323693	-0.0418525	-0.100501	-0.0259032	-0.0485574	-0.0224701	-0.00269126	-0.015611	0.149868	-0.0119705	0.515813	-0.0206086	-0.0185025	-0.047137	-0.029165	-0.0383365	-0.0368822	-0.0121682	-0.033195	-0.0390132	-0.044293	0.743064	-0.017331	-0.0184713	-0.0429201	-0.0428028	0.00185545	-0.0282369	-0.016833	-0.0363951	-0.0137388	-0.0112548	-0.0678257	-0.00973021	-0.0701331	-0.0303898	-0.00993644	-0.0339469	-0.0197436	-0.0284338	-0.0287776	-0.00535265	-0.00477363	-0.0246414	-0.0297652	-0.0184297	-0.0182613	-0.0671044	-0.0260109	-0.046207	-0.00173305	-0.021555	-0.0126429	-0.0496343	0.0506649	-0.0147502	-0.0198405	-0.0393345	-0.0147529	-0.0216563	-0.0257356	-0.0393037	-0.0304402	-0.0576562	-0.0241466	-0.0253873	-0.00836	-0.0194969	-0.00910278	0.0127626	-0.00281768	-0.0252065	-0.0151358	-0.0319778	-0.0141962	-0.0227795	-0.0277274	-0.00794659	0.0319122	0.00782906	-0.0120848	-0.0330825	-0.00645802	0.0167752	-0.0261974	-0.0157095	0.105226	-0.0142213	-0.00529507	0.0906906	-0.0571023	-0.0256098	-0.0161679	-0.0021469	-0.0488728	0.000815409	-0.0101963	-0.0157094	-0.0125931	-0.0524599	-0.050968	-0.00509468	0.0273827	-0.0143428	-0.0313872	-0.0354009	-0.0214378	-0.00521344	-0.0130552	-0.0316967	0.0592158	-0.0241298	-0.0270514	-0.0203883	-0.021886	-0.0263135	-0.0270645	0.021774	0.0603442	-0.0244124	-0.00219403	0.00955222	-0.0118323	0.218855	0.00939673	-0.0251731	-0.0123107	-0.0282188	-0.0333769	0.025486	0.0346555	-0.0209109	-0.00567119	-0.0395857	0.0660512	-0.0161784	0.0375372	0.00457996	-0.0292236	0.0957167	0.0285601	-0.0120246	-0.0219	-0.0115105	-0.00243494	-0.0135409	0.021736	-0.0132923	-0.0183556	-0.0174088	-0.0261994	-0.0164541	0.00107352	0.00604952	-0.0127466	-0.011488	-0.00375554	0.0167629	-0.00980712	-0.0404565	-0.00195232	-0.0321282	0.026281	0.00555338	-0.0157713	-0.0260413	-0.00207835	-0.000572054	0.000890725	-0.012583	-0.00170843	-0.0243629	-0.0172589	0.0455991	-0.0223049	-0.00493153	0.0024875	-0.0162863	-0.00601771	0.015656	-0.0125019	0.0559357	-0.0267888	-0.0139854	-0.0299588	0.0384901	0.0124651	0.0324431	-0.0410732	-0.00790989	-0.0263288	-0.00611614	0.0153577	0.0454914	-0.0210109	0.0219039	-0.020872	-0.00446675	0.0854313	-0.00384674	-0.0297505	0.0550295	-0.00874278
-0.0305216	-0.0259197	-0.0171616	-0.0547239	-0.0205266	0.00214574	-0.0289702	-0.0204754	-0.0180047	1	-0.0233591	-0.0246505	-0.0292864	-0.0360747	-0.00427334	-0.0438907	-0.0328708	-0.0850744	-0.0333218	-0.0439201	-0.0144745	-0.010488	-0.0264001	0.124423	-0.0342098	-0.0405552	-0.00830681	-0.0112021	-0.056367	-0.0171837	-0.0301752	-0.0278707	-0.0152717	-0.0312823	-0.0324724	-0.0426597	-0.0144125	-0.0282108	-0.0109601	-0.0475085	-0.0276075	-0.0172964	-0.0335017	-0.0156025	-0.0438061	-0.0184046	-0.024525	-0.0755634	-0.02356	-0.0812165	-0.0269713	-0.0186541	-0.0370721	-0.00717762	-0.0302964	0.0352739	-0.0143844	-0.0231458	-0.0249588	-0.0200421	-0.0320384	-0.00676662	-0.0769518	-0.0134548	-0.0472785	-0.00566824	-0.0173134	-0.0241569	-0.0498106	-0.0206932	0.0116711	-0.0299615	-0.0411507	0.0435822	-0.032448	0.028134	-0.0472534	-0.0297574	-0.0507317	-0.0248484	-0.0218764	-0.00955244	-0.0181004	-0.0157062	0.0178677	-0.00875571	-0.0124481	-0.0170668	-0.0328061	-0.00289352	-0.0189456	-0.0237578	0.000391258	0.337305	-0.0234484	-0.0136432	-0.0228417	-0.0309592	-0.00937627	-0.022278	-0.0146206	-0.0177418	0.0935319	-0.0235148	0.0521918	-0.0324882	-0.000724793	-0.0121537	-0.0233659	-0.0394971	-0.0067923	-0.0160695	-0.00144379	-0.0236297	-0.0195914	-0.0188549	-0.000689121	0.00948021	-0.0187717	-0.0265592	0.0401092	0.00510325	-0.0544898	0.0232454	-0.0100389	0.099017	-0.0226908	-0.0141938	0.0435814	-0.0271382	-0.0162645	-0.0231096	-0.0203269	-0.0143107	0.00371976	-0.038127	-0.0199796	-0.0164669	-0.0260105	-0.0165253	-0.0253621	-0.0189919	-0.0158954	-0.0228083	-0.0382757	0.0571744	-0.0284917	-0.0192475	-0.0378148	0.0206256	-0.0230905	0.0673131	-0.0318744	-0.020463	0.122324	0.0288719	-0.0205284	-0.0144059	0.010501	-0.0200002	-0.00948888	-0.0235104	-0.0313798	-0.00406468	-0.00787913	-0.0161267	-0.00727898	0.163683	-0.0176227	-0.00818068	-0.0107185	-0.00975628	-0.00882252	-0.0149937	0.0527913	-0.00776654	-0.0197231	-0.0162575	0.173339	-0.0276964	-0.0330653	-0.0146014	-0.00394933	-0.0102279	-0.00860594	0.0738334	-0.0218513	-0.0102945	0.0167758	-0.0231948	0.0762855	-0.0150378	-0.0121444	0.046228	-0.0432625	0.0458746	0.0655069	0.0239708	-0.029296	-0.0229953	0.0057927	0.024684	0.0290028	-0.0313907	-0.0228318	-0.0115329	-0.0228429	0.047671	0.0874233	-0.0173146	-0.0211362	0.00900344	-0.00975173	0.019949	-0.0173434	-0.0218093	0.0804335	-0.020436
-0.0405833	-0.044397	-0.0302769	0.509897	-0.0179711	-0.0215984	-0.0478559	-0.0168793	-0.0336443	-0.0233591	1	-0.0564893	-0.0255307	-0.0485603	-0.0203064	-0.0547269	-0.029412	-0.138293	-0.0540732	-0.0613131	-0.0253733	-0.0114068	-0.00941763	-0.13726	-0.0376779	-0.0549885	-0.0082557	0.00203673	-0.0727043	-0.0444315	-0.0273044	-0.0421479	-0.0153213	0.661338	-0.0350304	-0.0443405	-0.0249829	-0.0347771	-0.0382561	0.482595	-0.0705647	-0.0185002	-0.0274099	-0.0332804	-0.0516927	-0.0180964	0.652357	0.305513	-0.0325074	0.264264	-0.0309388	-0.00258169	-0.04804	-0.00924917	-0.0303008	-0.0154845	-0.0200097	0.0123137	-0.0187155	0.439307	-0.0218698	-0.0282215	0.220792	-0.0440093	0.246956	-0.00779039	-0.0214964	-0.051924	-0.0130354	-0.0253668	-0.0347673	-0.022281	0.363875	-0.0310049	0.0576131	-0.0414573	0.0189071	-0.0670535	0.200425	0.0457799	-0.0482254	-0.0245441	-0.0353851	-0.00793984	-0.0403002	-0.00837036	-0.0551635	-0.0126589	0.268576	0.00508091	0.257052	0.0275857	-0.0288676	-0.0361138	-0.0542349	0.0584759	-0.0363205	-0.0168023	-0.0196187	0.00822886	0.162902	-0.0389199	-0.0126503	0.00849185	-0.0973705	-0.00590013	-0.0130503	0.265104	-0.0182364	0.140245	-0.0182319	-0.0120284	-0.0341375	-0.0194515	-0.0215317	-0.0187602	-0.0101628	-0.0299303	-0.038551	-0.0661796	0.0905851	-0.0218755	-0.0413207	0.0601221	-0.0501126	-0.0268492	0.00633885	-0.0562947	-0.0350464	-0.00449717	-0.0200835	-0.0631709	-0.00118327	-0.0136861	-0.0287854	0.0181545	-0.0113523	0.05659	0.000646	0.0052566	-0.0438716	-0.0122845	0.059052	0.00737035	-0.0374491	-0.0394919	-0.0239994	-0.013369	-0.0136738	-0.0180375	-0.0252754	0.0476211	-0.03954	-0.0354957	-0.0345516	-0.0688985	0.0094545	-0.00946915	0.111016	-0.0182151	0.00787492	-0.0332366	-0.0144468	0.00610011	0.0757612	0.0535453	-0.0212676	-0.0267766	-0.0458744	0.0876928	0.0880831	0.0671179	-0.0164578	-0.0390913	-0.0646155	-0.0136734	-0.0245527	0.0890388	-0.0370187	-0.030874	0.0355405	-0.0207329	-0.0184995	-0.0379166	0.273515	-0.0585687	0.0174219	0.0843477	-0.0326074	0.0667147	-0.0186371	-0.0440712	0.0563075	-0.0528981	-0.0482981	0.0698794	-0.0474897	0.066884	0.126121	0.023642	-0.00557024	-0.0215324	0.00727933	0.0113217	-0.0231596	-0.0200466	-0.0312254	0.0336016	-0.0409972	-0.02834	-0.0511403	0.00998788	-0.00575344	-0.0181438	-0.00800937	0.0999801	-0.0328822	0.00685944
-0.0506264	-0.0400686	-0.037827	-0.0932869	-0.0290694	-0.00474207	-0.0447304	-0.0286535	-0.0281173	-0.0246505	-0.0564893	1	-0.0653628	-0.0538611	-0.0252166	-0.0522953	-0.042878	-0.15664	-0.0536635	-0.0559983	-0.0234704	-0.0224257	-0.0275044	-0.168653	-0.0431735	-0.0531289	-0.0234195	-0.0478258	-0.127878	0.197063	-0.0184306	-0.050732	-0.0103873	-0.0518437	-0.0444124	-0.0553696	-0.0272164	-0.0508445	-0.0541427	-0.0672265	0.721088	-0.0271943	-0.0329897	-0.0486713	-0.0441509	-0.0307622	-0.033375	-0.10027	-0.0203814	-0.134969	-0.0463182	-0.0230448	-0.095558	-0.0350787	-0.0416535	-0.035417	-0.0172686	-0.0178857	-0.0407868	-0.0386349	-0.0175921	0.339618	-0.0712116	-0.0347937	-0.0311471	-0.00241022	-0.018717	-0.0602517	-0.0698664	-0.0226913	-0.0138541	-0.0336635	-0.0125694	-0.0228959	-0.0333319	-0.0490058	-0.0571092	-0.0345052	0.0399262	0.00392646	-0.0425664	-0.0196681	-0.0307384	-0.0177495	-0.054344	-0.018587	0.0339009	-0.0407971	0.0749472	-0.0128458	-0.0425945	0.212503	0.0182601	-0.0105832	-0.0451771	0.0313311	-0.0371623	0.0428547	-0.0212983	0.00719088	0.230302	-0.0738305	-0.0175851	-0.0446053	-0.124565	0.118601	-0.0342586	-0.0376069	-0.0233028	0.0629129	0.062195	-0.00497594	-0.0156809	-0.019184	0.0802167	0.0859026	-0.0137584	-0.0220202	-0.0406013	0.0417683	-0.0223197	-0.0303573	-0.0493188	0.0417429	-0.0215669	0.00450949	-0.0202533	0.0412137	0.0891303	0.0206356	-0.0209303	0.0333961	-0.0105858	-0.0246166	-0.00982903	-0.0401812	-0.0113121	0.000801951	-0.0338412	0.0130981	-0.0354242	-0.0399663	-0.0267747	-0.0299506	-0.0333447	-0.00079798	0.0258573	0.323954	-7.9442e-05	-0.0327446	0.050477	-0.0266919	0.0110392	-0.0360099	-0.0331016	0.0107067	0.0297117	-0.0320887	0.0778022	-0.0152688	0.0225898	-0.00316724	-0.0272795	-0.0182821	0.008606	-0.0185136	0.295264	-0.0164525	-0.0578114	0.0493346	0.0623479	0.0216812	-0.020951	-0.0769639	0.0284712	-0.0429583	0.128222	0.095987	-0.0229925	-0.038757	0.253958	-0.00971002	-0.0416155	-0.0170681	-0.0274204	-0.06381	-0.0231577	-0.0306595	-0.021439	0.135431	-0.026533	-0.0683566	-0.0142183	-0.00445949	-0.0713633	0.0352254	0.0256633	0.0277249	0.0990504	-0.0276508	-0.0371709	0.0487712	-0.0379751	0.028559	0.0341297	-0.0236801	-0.00640267	0.0295456	0.0213146	0.253313	-0.0559491	-0.0194102	0.0332117	-0.0390438	-0.0135348	0.0561547	0.0166769	-0.0241437
-0.0349449	-0.0373557	-0.0273373	-0.0457525	-0.0218021	-0.00657584	-0.0386341	-0.0183027	-0.00874046	-0.0292864	-0.0255307	-0.0653628	1	-0.0418073	-0.028614	-0.0488582	-0.0467592	-0.152309	-0.0535643	-0.0605762	-0.0315048	-0.00585121	-0.0325968	-0.134517	-0.0235783	-0.014201	-0.0156997	0.668173	0.399288	-0.0374064	-0.0363816	-0.0423625	-0.0195969	-0.0289384	-0.0359411	-0.0510387	-0.0111834	-0.0413599	-0.0335837	-0.0509845	-0.071582	-0.0222736	-0.0442646	-0.0291059	-0.0593927	-0.0269243	-0.0292359	-0.0909852	-0.010068	0.263483	-0.0313914	-0.0198394	0.509407	-0.0135967	-0.0335015	-0.0288808	-0.0205099	-0.0188209	-0.0339666	-0.0134994	-0.0296255	-0.0326541	-0.0926128	-0.0080925	-0.0491232	-0.0172839	-0.016837	0.0910773	-0.0578864	0.00878398	0.0246009	-0.0369774	-0.0372693	-0.018981	-0.0278875	0.144544	-0.0594027	0.0891715	0.0476127	-0.0229857	-0.000995075	-0.0264768	-0.0240711	-0.0284798	0.121914	-0.0252044	-0.0190287	0.222258	-0.0441494	0.0273457	-0.0349369	-0.0276492	-0.00206683	-0.0317138	-0.0381881	-0.0216073	-0.0165444	-0.0242132	0.00901671	-0.0370597	-0.0285328	0.0421302	-0.0227318	-0.0181857	-0.0300581	-0.0678259	0.134069	-0.0154035	-0.0419465	0.0304766	0.00126338	-0.030923	0.000192898	-0.0307352	0.00844261	0.0152789	-0.0158467	-0.016981	0.0998402	-0.0145963	0.0562417	-0.0144306	-0.0235995	0.0193138	-0.0282018	-0.0152187	-0.0347426	0.0727368	0.0285089	0.196234	-0.0269272	0.0726661	0.022	-0.0782522	-0.0271801	-0.038555	0.00810653	-0.0152362	-0.0321718	-0.0212566	-0.00895795	-0.0301499	-0.0205252	-0.0293926	0.0034555	-0.0259388	0.100963	-0.0321563	0.0593098	-0.024592	0.00541984	-0.0433304	0.00569273	-0.00868408	-0.0470824	-0.0315282	0.247758	0.277733	0.0347121	-0.0135155	0.009759	0.0170289	-0.0117651	0.0279468	0.0412739	0.00261658	-0.0230925	0.045358	0.0229189	0.00199027	-0.000115746	0.0274966	-0.00205494	0.00158837	0.0298682	-0.0402725	-0.0334325	0.0188707	0.00265624	0.116249	-0.0506501	0.013614	-0.0273815	-0.0149182	-0.0255212	0.0537697	0.00318662	-0.0105553	-0.0176121	-0.0297304	-0.00742956	-0.0652039	0.00159188	-0.0184771	-0.0120447	0.0280068	0.0348904	-0.0390007	-0.0348166	0.0127547	0.139507	-0.0125064	-0.0173829	-0.054823	-0.0125155	-0.00858459	-0.0359024	0.0542479	0.0949284	-0.0293605	-0.00396478	0.00725087	-0.0139143	0.0825598	-0.00252452	-0.0243493	0.0695846	0.02544
-0.0544698	0.748811	-0.0435243	-0.0934256	0.407777	-0.0294549	0.822345	0.542691	-0.0284883	-0.0360747	-0.0485603	-0.0538611	-0.0418073	1	-0.0302143	-0.0570255	0.288846	-0.174719	0.765839	0.664771	0.494132	-0.0246776	-0.0184417	-0.171408	-0.0511844	-0.0544824	-0.0335901	-0.0295626	-0.106377	-0.0425932	-0.0357819	-0.0617068	0.417517	-0.0622014	0.254189	0.187484	-0.017007	-0.0528257	-0.0645826	0.00268586	-0.073979	-0.028834	-0.0373509	-0.0410651	0.556842	-0.0322796	-0.0355985	0.422291	-0.0368812	0.220474	0.147433	-0.0260585	-0.0760334	-0.0162604	0.279411	-0.0577985	-0.00247618	-0.0104247	-0.0364308	-0.0322633	-0.0246805	-0.0340415	-0.0814445	0.0219721	-0.0297512	-0.0252635	-0.0252989	-0.00414359	-0.0412693	-0.0381937	0.0592872	-0.035916	-0.0600121	0.0286064	-0.024208	0.00555172	-0.0746844	0.284737	0.0163692	-0.0162531	0.00842033	-0.0352376	0.0156	-0.0245872	-0.0194318	-0.0291605	0.223082	-0.00903934	-0.0521843	-0.0191433	-0.040059	-0.0285178	0.0880531	-0.00184311	-0.0083034	-0.0294959	-0.00461437	-0.0276214	-0.0275374	-0.0488113	-0.0245756	-0.0609937	-0.020124	-0.00183471	-0.0575232	0.0827974	0.0366798	-0.0315015	-0.0363784	-0.00100883	-0.0224896	-0.0280642	0.034751	-0.0285685	0.0584333	0.0789785	0.000756305	-0.0154272	-0.0370183	0.0442777	-0.035037	0.0436952	-0.0252142	-0.0075013	0.297056	-0.0247915	-0.03293	0.114681	0.117607	0.107525	-0.0325766	0.104136	-0.0287363	-0.0850778	0.353475	-0.0297621	-0.0323087	-0.037029	-0.0403092	-0.0279183	-0.00119611	-0.0252515	-0.0132999	0.0261528	-0.030871	0.0499237	-0.00964221	-0.0223022	0.0099312	0.0482594	0.107444	-0.0890915	-0.0151055	0.016687	-0.0636549	-0.0902303	-0.00990322	-0.0167366	-0.0197729	-0.0162879	-0.0282376	0.00039086	0.0190899	-0.0135857	0.0779134	-0.0342369	-0.0190239	0.00794309	0.115503	-0.0472618	-0.0492649	0.00684746	-0.0181732	0.07632	0.0310877	0.00321853	0.0229352	-0.0582477	0.0584504	0.0454115	-0.0554483	-0.00750261	-0.0377381	-0.0198447	-0.0358199	0.0400681	-0.0222515	-0.0326811	-0.0277034	-0.0384518	-0.011248	0.0387147	0.0972855	0.0448368	0.0640416	-0.0648422	-0.0131642	-0.0660685	-0.0504457	-0.0185734	-0.0184268	-0.00160102	-0.0423274	0.00794008	-0.0293753	-0.0237069	-0.0387553	-0.0500114	-0.00137002	-0.0163557	0.0439746	0.0221526	0.0252615	0.0152177	-0.0163589	-0.0348888	-0.0208016	-0.0265532
-0.0315442	-0.0208672	-0.0287241	-0.0461101	-0.0224637	-0.0255281	-0.0226044	-0.0227552	-0.00850765	-0.00427334	-0.0203064	-0.0252166	-0.028614	-0.0302143	1	-0.045488	-0.0278597	0.168979	0.496099	-0.0358917	-0.00320385	-0.0127472	-0.0206245	0.169689	-0.0425843	-0.0256637	-0.0216179	-0.0168043	-0.053273	-0.0168212	-0.0181685	-0.0278087	-0.0210264	-0.034797	-0.0457178	-0.0446964	-0.0133399	-0.0347008	-0.0373453	-0.0457595	-0.0312046	-0.0192601	-0.0200281	-0.0214306	-0.0326237	-0.0187953	-0.0244586	-0.0746189	0.00276398	-0.0667337	-0.0466475	-0.0270918	-0.031876	-0.0131096	-0.0354972	-0.0325727	-0.0114975	-0.0098491	-0.0250567	-0.00783161	-0.023184	-0.0129535	0.17718	-0.0344281	0.26292	-0.0073662	0.00539871	-0.0461159	-0.0626848	-0.0126038	-0.021206	-0.0285441	-0.027404	-0.0211383	-0.0190955	-0.0215308	-0.0452845	-0.0188555	-0.0639908	-0.0242528	-0.0211839	0.717496	-0.0261131	-0.0178644	-0.021909	0.00702385	-0.0291968	-0.00391735	-0.0319978	-0.0220941	-0.0315382	-0.0353907	-0.00127255	-0.0284399	-0.0220444	-0.0168852	-0.0405751	-0.00810696	-0.0135404	-0.0265185	-0.0108021	-0.0445037	-0.0152706	-0.0210309	-0.0847541	0.199083	-0.0357548	-0.0208387	-0.00404188	-0.0687374	-0.0131556	-0.0151751	-0.0168814	-0.00571033	0.165022	-0.0454594	-0.0137265	-0.0153088	0.452338	-0.0707856	0.0912308	-0.0199995	-0.0488012	0.095346	-0.0216861	0.0101179	-0.024238	-0.0486607	-0.0262982	-0.00473925	-0.0186812	-0.0627801	-0.0241832	-0.0420282	-0.00656772	-0.0136268	-0.0264152	-0.0136345	-0.0107762	-0.0132872	-0.0451429	-0.0313787	-0.0197457	-0.0308529	-0.0674024	0.00252638	-0.0292393	-0.0153621	-0.0442054	-0.0241371	-0.0333092	0.0794811	-0.0325313	-0.0330268	-0.0374508	0.0867358	0.00472621	0.00954598	-0.0507371	0.00462195	-0.0216832	-0.0139252	-0.0346337	-0.0165769	-0.0661225	-0.0240686	-0.00554847	-0.0233921	0.1834	-0.0563494	-0.058567	0.107401	-0.0251741	0.136686	-0.0495895	-0.0564009	-0.0284618	-0.0301577	-0.047828	0.0250251	-0.0229935	-0.0217059	0.0034542	0.49559	-0.022127	-0.0381599	-0.0407418	-0.0133443	0.00879374	-0.00695758	0.00455244	0.149288	-0.0114898	-0.0728247	0.153385	-0.0426852	-0.0488378	-0.0507069	-0.0169575	-0.0282107	2.62839e-05	-0.0856334	-0.0127839	-0.0514017	-0.00316555	-0.00673172	0.00738071	-0.065577	-0.0338372	-0.0134447	0.122759	-0.0227314	-0.0123889	-0.0219523	-0.0018125	-0.0265284	-0.0457305	-0.0180398
-0.0648941	-0.0399481	-0.0412553	-0.117039	-0.017721	0.32739	-0.047739	-0.032532	-0.0323693	-0.0438907	-0.0547269	-0.0522953	-0.0488582	-0.0570255	-0.045488	1	0.0254819	0.397378	-0.0701297	-0.00678453	-0.0235639	-0.0356248	-0.0323376	0.0691136	0.359335	-0.066334	-0.0368239	-0.0455253	-0.135224	-0.0532943	0.0541311	-0.0700875	-0.0194916	0.107272	-0.0618911	-0.0830996	-0.028113	0.0432162	-0.0685739	0.0889946	-0.0724476	-0.0203641	0.0990182	-0.0631532	0.0427739	-0.0481942	-0.0410622	0.0659172	-0.041287	0.0168377	-0.0635987	-0.0314197	-0.103354	-0.0271579	-0.0500713	-0.0500004	-0.0196204	-0.0266356	-0.0491348	-0.012729	0.127792	-0.0121184	0.0705347	0.140478	0.0164531	-0.0239008	-0.0265896	-0.028995	0.159756	0.0874093	0.0754597	0.122296	0.00689038	0.131634	-0.0463028	0.0746863	0.0756794	-0.0549187	-0.00525591	-0.0429949	-0.0455759	-0.0306845	-0.0400069	-0.00393726	0.102497	-0.0395026	-0.0525856	-0.0417433	0.0245809	-0.0310735	0.0566211	0.042914	-0.0347682	-0.0277129	-0.0455715	0.00914613	-0.0630131	-0.0250009	0.211076	-0.0257406	-0.0262092	-0.0231955	-0.0250357	-0.0171109	-0.00510828	-0.0202941	-0.00632009	0.0388451	-0.000950919	-0.0407892	-0.0306505	-0.00712531	-0.0196106	-0.0236782	0.0231421	0.0303412	-0.0269385	-0.0178261	-0.0355741	-0.0079959	0.0513895	0.0511874	0.0172588	0.0394886	-0.0377218	-0.0134748	0.07885	-0.0492293	-0.0119203	-0.0391508	-0.0315656	-0.00860297	0.0512324	-0.0501051	-0.0238513	-0.0163307	0.107925	0.00694904	-0.00340671	0.00780589	0.0404537	0.116274	-0.0328785	-0.031521	-0.0309961	-0.0257427	0.0311902	-0.014578	0.00255352	0.00482288	-0.0230069	-0.0283118	0.0556702	-0.0310153	-0.0343822	0.0198375	-0.0273935	-0.0245015	0.0130814	-0.0223318	0.037002	0.0112685	-0.0184766	-0.0267349	-0.00672939	0.0558835	-0.0158672	-0.0272667	-0.0566259	0.0676687	0.0647497	-0.00875377	0.0522855	-0.0329576	-0.00570568	-0.0541294	0.0145233	0.0547973	-0.0195769	-0.0307123	0.030531	-0.0101714	0.018231	-0.00445269	0.0345073	-0.035214	0.00246347	0.100052	-0.0213218	0.0596852	-0.0223922	0.00200305	0.0199187	-0.0494416	0.00995886	-0.0182954	0.015419	0.0272685	0.058609	0.0813333	-0.0208686	-0.0263049	-0.0355509	-0.0490777	0.0278656	-0.0164342	-0.0180223	0.0217655	-0.0303339	0.00101443	0.0183578	-0.0407592	0.069215	-0.0289783	0.0688278	0.0117609	-0.0598118	0.0950917
-0.0552988	-0.0366393	-0.031696	-0.0779588	0.426433	-0.0186215	-0.0422086	0.574412	-0.0418525	-0.0328708	-0.029412	-0.042878	-0.0467592	0.288846	-0.0278597	0.0254819	1	-0.117227	0.128573	0.591755	-0.0314289	-0.0209099	-0.029879	-0.173279	-0.0672952	-0.0623966	-0.0277847	-0.0319599	-0.106674	-0.0415289	0.759961	-0.0603207	0.348505	-0.0514082	0.139965	0.529119	-0.0248409	-0.0427972	-0.0569831	0.0245474	-0.0602295	-0.0225908	0.57594	-0.0281215	0.478457	-0.0231061	-0.0217348	0.325337	-0.0315573	0.184616	0.0176236	-0.0333998	-0.0745918	-0.00277208	0.155895	-0.0246342	0.00703266	0.000846681	-0.0259998	-0.00619619	0.281635	-0.0212189	0.0111143	0.224438	0.068058	-0.00113347	-0.0272391	-0.0684716	0.117867	-0.03802	-0.0308273	0.371226	-0.0336652	-0.0253611	-0.0158787	-0.0349863	-0.0545947	-0.0463492	0.00476123	-0.0147696	-0.0271617	-0.017859	-0.0365555	-0.0114384	-0.0489693	-0.0225342	-0.034953	-0.00328212	-0.031158	-0.026694	-0.0343177	-0.0242899	0.0934817	-0.0145991	-0.0231122	-0.0145604	-0.0350907	-0.0179591	-0.0373945	-0.0200039	-0.00548678	-0.0334246	-0.0161474	-0.0222966	0.0808036	-0.0565466	-0.0401867	-0.0266645	-0.0142989	-0.0126862	-0.00067368	-0.0111014	-0.026927	-0.0257737	-0.0787858	-0.0619481	-0.000428537	-0.00673976	-0.0363144	-0.0888561	0.0911013	0.0477961	-0.0505952	0.0657882	-0.0384015	-0.0207882	0.0950625	-0.0207319	-0.0466547	0.114012	-0.0161443	-0.0391825	-0.0232366	-0.0586324	-0.0236778	-0.0145867	-0.0342925	-0.0192941	-0.0382595	-0.031253	-0.0448996	0.268733	0.00164549	0.0513139	-0.0331944	0.00708036	-0.0236539	-0.0210992	0.0164127	-0.0270714	-0.051875	-0.0756446	-0.0287941	-0.0334385	-0.0611464	0.0420791	-0.0278724	-0.0185075	-0.0377523	-0.0175557	-0.0232186	-0.000278588	0.0385619	-0.0203071	-0.066859	-0.0296981	-0.0174672	-0.0190112	-0.0472437	-0.0653804	-0.0690015	-0.0828167	-0.0225048	-0.0219597	-0.0475769	0.135239	-0.014882	-0.0488982	-0.0364836	-0.00750063	-0.0136231	0.173984	-0.0221985	-0.0276027	-0.026105	-0.0552787	0.129177	-0.00844284	0.00546278	-0.0107373	-0.00859112	-0.022345	0.115338	-0.0309408	-0.0226884	-0.0398958	-0.0453506	0.0433982	-0.0206844	0.12845	-0.0220826	-0.0124007	-0.0335527	0.0408793	-0.0113175	-0.0234364	-0.0327986	-0.00226592	-0.0316862	-0.0134138	-0.038945	0.0138079	0.0272933	-0.0457032	-0.00262065	-0.0231976	-0.0624576	0.083551
