1	-0.145669	-0.0430692	-0.0172808	-0.0329961	-0.0379091	-0.0615416	-0.0327397	-0.0136389	-0.0338334	-0.0641185	-0.044204	-0.0697282	-0.0289747	-0.0292937	-0.160479	-0.0164067	0.20898	-0.02352	-0.0369429	0.499907	-0.0300995	-0.0232958	-0.0382802	0.399169	-0.0382253	-0.0475485	-0.162427	-0.0358408	-0.0389453	-0.0587643	-0.0408982	-0.155974	-0.147247	-0.0806964	-0.174335	-0.0513459	-0.128412	-0.0300218	-0.0235486	-0.171018	-0.0369164	-0.0261057	-0.0342441	-0.02668	0.489295	-0.0566864	-0.0313561	-0.0387835	-0.0370639	-0.0311223	-0.0466821	-0.0531372	-0.0274938	0.716549	-0.0140632	-0.0448248	-0.0204371	-0.0509264	-0.0161022	-0.0915941	-0.123	-0.0176441	-0.0254339	-0.0121396	-0.0280259	-0.0276281	0.16949	-0.040846	-0.0335035	-0.0190972	-0.127546	-0.0308601	0.366611	-0.0412489	-0.0411942	-0.0130157	-0.0205972	-0.0277241	-0.033368	-0.0304075	-0.040105	-0.0233914	-0.0758764	-0.0540739	-0.00600122	-0.0426764	-0.0206798	0.00131117	-0.0348503	0.184485	-0.0328655	-0.0258977	-0.126315	-0.00797189	-0.0251036	-0.0639536	-0.00587499	-0.0202202	-0.0443228	-0.00962982	-0.0382414	-0.0799304	-0.044713	-0.000931193	-0.0253758	-0.048962	-0.0332548	-0.0440781	-0.0217413	-0.0156144	-0.0242867	-0.0612025	-0.0662653	-0.0267561	-0.00222719	-0.0125082	-0.0486797	-0.0624986	-0.044706	-0.0365103	-0.0643589	-0.00582047	-0.0185897	0.0357695	-0.0244889	-0.0337857	-0.0114682	0.235396	-0.00472803	0.00287936	-0.00829791	-0.00132034	-0.0055246	-0.0511361	-0.000157189	-0.0128052
-0.145669	1	0.233328	-0.0708164	-0.103515	0.340416	-0.175595	-0.0804827	-0.0587577	0.256062	0.395202	0.362669	0.085093	0.254944	0.213927	-0.488222	-0.0745929	0.552103	-0.0914855	-0.166474	-0.0608793	-0.084649	-0.0840215	-0.111297	-0.325347	-0.117473	0.143009	0.777462	-0.0796703	-0.105376	-0.052711	-0.121189	-0.447154	0.668344	-0.284701	0.517987	0.265349	-0.40572	-0.0840122	0.171377	0.429585	-0.0811756	-0.0800737	0.21906	0.000691339	-0.188769	0.370767	0.0828147	-0.0741186	-0.108734	-0.0672406	-0.116017	0.0644886	-0.0853362	-0.119951	-0.0740528	0.21056	0.10928	0.114071	-0.00687648	-0.0916115	0.0631872	-0.0564958	0.00811487	0.0752669	-0.0324699	0.0289009	-0.170248	0.0449695	-0.012023	-0.0939461	0.126664	0.0104252	-0.0715262	0.101052	-0.103804	0.00236807	-0.0334276	-0.0350138	-0.0561767	0.120336	-0.00297968	0.137359	0.0648027	0.070874	0.0333148	0.110074	0.00777168	0.0788044	0.137188	-0.138857	0.102478	0.0352004	0.0635994	0.0918556	-0.0301779	-0.0272464	0.0441404	0.118488	-0.0577115	-0.0586809	0.0273438	-0.0657839	-0.0880693	-0.0613975	-0.0393866	-0.0451782	-0.0712615	-0.065673	0.0483637	0.0435729	0.0246672	0.0326198	0.0353756	0.00847604	0.041245	-0.0424681	-0.0978783	-0.0302579	-0.101502	0.0398803	0.102571	-0.0533902	-0.0286561	0.0184224	-0.0694865	0.00700368	0.00391492	-0.077279	-0.0498129	-0.0802802	-0.0508231	0.0330939	0.03797	-0.0559589	0.0100883	-0.0405338
-0.0430692	0.233328	1	-0.0217074	-0.029148	-0.0244021	-0.0403482	-0.02299	-0.0115035	-0.0171357	-0.0352321	-0.0342755	-0.053133	-0.0173281	-0.0284025	-0.112879	-0.0149307	0.155561	-0.0222726	-0.0362495	-0.0130526	-0.0286606	-0.0196892	-0.031314	-0.0707392	-0.0390246	-0.0137524	0.190252	-0.0199808	-0.0265605	-0.0520071	-0.0370967	-0.119753	0.207275	-0.0662179	0.162148	-0.00413546	-0.099421	-0.0281364	-0.0274179	0.158595	-0.000614342	-0.0126745	-0.0328223	-0.025161	-0.0548057	-0.0280383	-0.0334639	-0.0341525	-0.0314969	-0.00903584	-0.0298197	-0.0399384	-0.0210853	-0.0398607	-0.0257982	-0.0165018	-0.0211156	-0.0119954	-0.0117048	-0.0729736	-0.0828994	-0.00140915	-0.0169882	-0.00364901	-0.0159127	-0.0319213	-0.0841651	-0.028207	-0.0185829	-0.010313	-0.0866596	-0.0210269	-0.0182183	0.483602	-0.019906	-0.012665	-0.00572202	-0.00804581	-0.0233764	-0.033909	-0.011941	-0.0190248	0.24032	-0.0181919	0.00220316	-0.0230844	-0.0157638	-0.0273341	0.09983	0.00224462	-0.0135962	-0.0188372	-0.105653	0.183869	0.00229087	0.0673631	-0.0125086	-0.0171911	-0.0168706	-0.0177551	-0.0104417	0.0452602	-0.023795	-0.0318051	0.00782065	-0.0283264	-0.00868943	-0.0242481	0.138087	0.116854	-0.0125844	-0.0382468	0.0369231	0.00266993	0.140946	-0.0219718	-0.0124126	0.0265268	-0.0129253	0.044095	-0.0305388	0.0522298	-0.0275144	0.00254469	-0.0302044	-0.0387118	-0.0154835	-0.0222612	0.0534582	-0.0289372	-0.0160048	-0.0362623	0.110728	0.0435148	-0.000660885	-0.0138692
-0.0172808	-0.0708164	-0.0217074	1	-0.0241042	-0.0314996	-0.0301049	-0.0157966	-0.00511693	-0.00966084	-0.0353782	-0.0324209	-0.034518	-0.0264889	-0.00535522	0.147406	-0.0174546	-0.113667	-0.00772588	-0.0198631	-0.0092593	-0.021587	-0.0189194	-0.00325189	-0.0533009	-0.0179145	-0.0134875	-0.0857676	-0.0223263	-0.0255654	-0.0339646	-0.00533019	0.139373	-0.0804391	0.245684	-0.0997872	-0.0186689	0.171361	-0.0190726	-0.00396198	0.0921139	0.0709277	-0.00192248	-0.0172201	-0.0126472	-0.0452907	-0.0270948	-0.0159105	-0.0221642	-0.0051998	-0.0202194	-0.027149	0.324645	-0.00559526	-0.0223124	-0.00763766	-0.0147081	0.519791	-0.0175763	0.588926	-0.0573942	-0.0479738	-0.0212983	-0.00451755	0.192096	-0.00577137	0.00736119	0.00815522	0.00121317	-0.015742	0.00353684	0.0173621	-0.0144296	-0.0175634	-0.0229306	-0.00437208	0.00332062	-0.0225985	-0.00546713	0.0285781	0.109761	0.00402287	-0.0270987	-0.0428909	-0.00159344	-0.0129411	-0.00510915	-0.0117099	-0.00495553	-0.0173088	-0.0640831	-0.0108142	0.0028237	0.0939266	-0.0189427	-0.00358718	-0.0436586	-0.00532165	0.00394425	-0.0260535	-0.00362405	-0.00763434	-0.0535331	-0.0212904	-0.00550059	-0.0154944	-0.0231717	0.00621281	-0.0287633	-0.024788	-0.0124107	0.00325226	-0.0415047	0.00993311	0.0492148	-0.0203344	0.00351466	-0.0143516	-0.00850536	-0.0122446	0.00633364	-0.00682198	0.17682	-0.0105383	-0.0108947	-0.013003	-0.0422198	0.00231951	-0.00966431	0.182317	-0.00264072	-0.00454859	0.168565	-0.0227212	-0.0269126	-0.0138304	-0.0219079
-0.0329961	-0.103515	-0.029148	-0.0241042	1	-0.018323	-0.0388153	-0.0229127	-0.0131358	-0.0300141	-0.0391683	-0.0195757	-0.0519923	-0.0181203	-0.025056	-0.12678	-0.020176	0.159268	-0.0263483	-0.0372157	-0.0312016	-0.0176014	-0.0230822	-0.0232461	0.28064	0.0204626	-0.0302235	-0.103811	-0.0348834	-0.0417616	-0.0215534	-0.0350708	-0.103394	-0.107508	-0.0686398	-0.108103	-0.0418666	-0.0988955	-0.0264361	-0.0287171	-0.102872	-0.0213361	-0.0395005	-0.0157241	0.00764856	-0.00619186	-0.053865	-0.0397941	-0.0275802	-0.0362237	-0.0292763	-0.0464358	-0.0440947	-0.0184944	-0.00598633	-0.0191534	-0.0495619	-0.0185106	-0.0427447	-0.0199935	-0.0466407	-0.0798714	-0.013119	0.00944475	-0.0133705	-0.00724606	0.00550971	-0.0331717	-0.0146674	-0.0226838	0.00286934	0.042094	-0.0244821	0.0241707	-0.0219657	-0.0127353	0.0192205	-0.0151106	-0.0232928	0.00368097	-0.0529511	-0.0236543	-0.012519	-0.0270232	-0.0334645	-0.014178	-0.0286964	-0.0216805	-0.0348497	-0.0236566	-0.0291671	-0.0214505	-0.0179572	0.0459578	-0.0193494	0.0174304	-0.0225807	-0.0229824	-0.014654	-0.0289919	-0.0110974	0.00456163	-0.0465023	0.0168157	-0.0202821	-0.0143349	-0.0390238	-0.00817475	-0.0227556	0.0221981	0.0217884	0.00265904	-0.0338376	-0.0475008	-0.0319194	-0.0197634	-0.00678069	-0.0373852	-0.0460037	-0.0343256	-0.0304186	-0.0148484	-0.0120049	-0.0294016	-0.0233801	0.0939085	-0.0223807	-0.0212502	0.0125173	-0.0112744	-0.00199353	-0.0239974	-0.0398036	-0.0177249	-0.0315348	-0.0210627	0.00789781
-0.0379091	0.340416	-0.0244021	-0.0314996	-0.018323	1	-0.0617508	-0.0280122	-0.0221343	-0.0380604	-0.00890057	0.744178	-0.0761888	0.76539	-0.0335476	-0.170478	-0.0317598	0.224047	-0.0322684	-0.0584889	-0.00181196	-0.0344043	-0.0283992	-0.0406247	-0.107933	-0.0440669	-0.0455287	0.269162	-0.0291916	-0.0400634	-0.0672217	-0.0487619	-0.106589	0.251809	-0.0961769	0.197955	-0.0588792	-0.132899	-0.0124041	-0.0321433	0.180713	-0.0223856	-0.0337108	0.0452636	0.0953621	-0.0704121	-0.0462449	-0.0439329	0.0260166	-0.0412052	-0.0301012	-0.0440543	-0.063905	-0.0343056	-0.0479638	-0.0235651	-0.0568286	-0.0374999	-0.0643458	-0.024685	-0.0797958	0.116141	-0.0243835	0.0811984	-0.0273955	-0.0206901	0.0338487	-0.0737956	0.235676	0.0825465	-0.0447162	0.0661532	-0.0123066	-0.0314839	-0.0319842	-0.0325384	0.0713751	-0.00845437	-0.0145301	-0.0218273	-0.0451609	-0.027693	0.469839	-0.00251797	-0.0282971	-0.00934862	-0.0140493	-0.0326068	-0.00681833	-0.0156034	-0.0783118	-0.00929182	-0.0112052	0.0983973	-0.0126888	-0.0202122	-0.00679816	-0.0184757	-0.0183479	-0.0499155	-0.00915648	-0.0173101	-0.0331752	-0.0450414	-0.0335549	-0.0161755	-0.0545406	-0.0216043	0.0161129	0.0149628	0.00308479	-0.0268957	-0.00457524	-0.021096	-0.016434	-0.02052	-0.026094	-0.0400654	-0.0407557	-0.0350603	-0.00596034	0.0327174	-0.0275083	-0.031327	0.00549184	-0.0334193	0.00591055	-0.0268687	-0.0359915	-0.0266932	-0.0357905	-0.0160916	0.0665285	-0.0156366	-0.0430165	-0.00695253	-0.0221946
-0.0615416	-0.175595	-0.0403482	-0.0301049	-0.0388153	-0.0617508	1	-0.0523426	-0.0251851	-0.0493153	-0.0571519	-0.068503	0.682267	-0.0417661	-0.0394955	-0.143838	-0.0335694	-0.277146	-0.0290902	-0.0704178	-0.0211434	-0.0458257	0.466243	-0.0437228	-0.142922	0.635194	-0.0546692	0.292262	-0.0543825	-0.0569118	0.766334	-0.0673804	0.351853	-0.18914	-0.104234	0.256116	-0.065745	-0.0978533	-0.0592579	-0.0345041	0.261096	-0.038061	-0.0358006	-0.0325388	-0.0457627	-0.100108	-0.0699845	-0.0495055	-0.052894	-0.0156102	-0.0345338	-0.0595856	-0.0558238	-0.00044967	-0.0557426	-0.0410019	-0.0578523	-0.0496413	0.0882947	-0.0292556	0.355512	-0.0773027	0.0891011	-0.0361727	-0.047063	0.10297	-0.0211851	0.179819	-0.0666791	-0.0414189	-0.0561912	-0.100807	0.151091	-0.0302856	0.0095232	0.520373	-0.0154047	0.23546	-0.0356663	-0.0452524	-0.0453208	-0.0342442	-0.0338147	-0.0384993	-0.0412329	-0.04351	-0.0212419	-0.030507	-0.029258	-0.0539642	0.134271	-0.0267502	-0.0133119	-0.101793	-0.0540011	0.0158064	0.123383	0.0115879	-0.0309	0.166745	0.280109	-0.048276	0.202734	0.188045	-0.0321849	-0.00814261	0.135718	0.391617	0.123931	-0.0427401	-0.00590618	-0.0332549	0.104915	0.0743191	0.053465	-0.0395866	0.00538762	0.365748	0.214754	0.375539	-0.066654	-0.0578833	-0.0107295	-0.0533357	-0.0159787	-0.0349054	-0.0697682	-0.0420822	-0.0307849	-0.0106992	-0.0320411	-0.0387897	-0.0230674	-0.0337962	0.316067	-0.017275	0.0582701
-0.0327397	-0.0804827	-0.02299	-0.0157966	-0.0229127	-0.0280122	-0.0523426	1	-0.017178	-0.0152009	-0.0300137	-0.021336	-0.0569767	-0.0125789	-0.0169164	-0.103587	0.0104742	-0.114781	-0.0131555	-0.0377041	-0.0138293	-0.0283024	-0.0210836	-0.0179514	-0.0715741	-0.0342383	-0.0039292	-0.072696	-0.0278817	-0.0204311	-0.0486973	-0.0225398	-0.0761393	0.00799487	-0.0567346	-0.0250646	-0.00562849	-0.0494784	-0.0239837	-0.0072064	-0.0108398	-0.0186063	-0.00850531	-0.0126072	-0.0284917	-0.060432	-0.0123227	0.00211696	-0.00741983	0.0191116	-0.0239647	-0.032485	-0.00640474	-0.0147162	-0.0392485	-0.00290136	-0.0141117	-0.0321373	-0.0195452	-0.0213446	0.0215369	-0.0251632	0.00617778	-0.0333762	0.0652781	-0.00574901	-0.0282811	0.0240532	-0.0308875	-0.00899319	-0.020981	-0.00533483	-0.0253999	-0.0212085	-0.0153144	-0.0345085	-0.024567	-0.0207012	-0.00116564	-0.0250156	-0.0241664	-0.0117211	-0.0151277	-0.0371368	-0.0300009	0.00732792	-0.0336665	-0.00929803	-0.00485546	-0.0117542	0.0342105	-0.017832	-0.0125693	-0.0179504	0.00385487	0.00199992	0.0775386	-0.0141513	-0.0208991	-0.00386678	-0.0176758	-0.0114945	0.0592152	0.000304051	-0.0127789	-0.00841897	-0.00884965	-0.0253764	0.103475	-0.010401	-0.0231822	-0.0190163	0.100328	0.0704751	0.0740652	-0.0161483	-0.0071073	-0.0139466	0.056461	-0.0114584	0.0944571	-0.003542	-0.0118511	-0.00222337	0.0197126	-0.0166973	0.0833776	-0.00732223	9.58107e-05	-0.0140421	-0.017991	-0.00610568	-0.0362031	0.0225808	-0.000356114	0.193609	0.00179075
-0.0136389	-0.0587577	-0.0115035	-0.00511693	-0.0131358	-0.0221343	-0.0251851	-0.017178	1	-0.0220913	-0.0332177	-0.0143749	-0.0308728	-0.0161817	-0.000541865	0.107413	0.00297377	-0.0831185	-0.00817602	-0.0175199	-0.00921193	-0.0230727	-0.0234905	-0.0130064	-0.0402635	-0.0146046	-0.0254177	-0.0688014	-0.0151833	-0.0130959	-0.023301	-0.00999887	0.106042	-0.0581141	0.19309	-0.0759852	-0.0174632	0.132216	-0.0174169	0.00443549	-0.0592393	0.000241397	-0.00453077	-0.0180923	-0.0149371	-0.0381262	-0.00604805	-0.000111479	-0.0166637	-0.0198174	-0.0141317	-0.016579	-0.0279707	-0.0133777	-0.0151819	-0.0159822	-0.0108248	-0.0136275	-0.0172639	-0.0100029	0.047888	-0.0236558	0.00197721	-0.0125327	0.00696948	-0.0120058	-0.0139223	-0.0363437	-0.0098871	-0.0127827	-0.0130133	0.0308417	-0.0184904	-0.0139214	-0.00766541	-0.0175931	-0.00997862	-0.0140794	-0.00569236	-0.0156554	-0.00845846	-0.00891464	0.0194639	-0.00080434	0.00196821	-0.0109362	0.000974369	-2.46209e-05	-0.0137074	-0.00651515	-0.023887	0.00980451	-0.00575326	0.0286114	-0.0105313	-0.00375445	-0.0225929	-0.0091777	-0.0164297	0.0490284	-0.00909636	-0.00694205	0.0141018	0.00685941	-0.0153687	0.102987	0.00272477	-0.0133008	0.014126	-0.0164829	0.0303763	-0.00762842	-0.0082225	-0.0130883	-0.00302521	-0.0174601	-0.00775888	-0.00202539	-0.0144682	-0.0132808	-0.00658224	-0.0272528	0.00712062	0.0147185	-0.00193413	0.0319719	-0.000809164	0.0134649	-0.0169538	0.00349954	-0.0146114	0.0491841	-0.0177151	-0.0142577	-0.0187551	0.00919451	-0.0120507
-0.0338334	0.256062	-0.0171357	-0.00966084	-0.0300141	-0.0380604	-0.0493153	-0.0152009	-0.0220913	1	-0.015865	-0.0371665	0.429617	-0.0251809	-0.0199903	-0.12635	-0.0215888	0.165512	-0.0240242	-0.0403107	-0.0135598	-0.0261152	-0.0247361	-0.0279459	-0.0823574	-0.0338822	0.752799	0.207473	-0.0190169	-0.0290325	-0.0480686	-0.0258373	-0.130671	-0.0918149	-0.0694234	-0.11684	0.646972	-0.107742	-0.0376957	-0.0137131	-0.111688	-0.0262108	-0.0227483	-0.0148213	-0.031603	-0.0436221	-0.0165709	-0.0250279	-0.0414434	-0.0272469	-0.0144786	-0.0278139	-0.0470947	-0.0206781	-0.0306536	-0.0259452	0.584523	-0.029973	0.557051	-0.00720292	-0.0583787	-0.0871892	-0.0068992	-0.024058	-0.0317899	-0.0156448	-0.0144033	-0.063224	-0.0489674	-0.00497038	-0.0249421	0.0958184	-0.00686727	-0.0303099	-0.017656	-0.0288607	-0.0225747	-0.00646249	-0.00806914	-0.0377564	0.0463893	-0.0221424	-0.024037	-0.0481316	0.263967	-0.0215983	0.298677	-0.00414431	-0.0038204	0.217963	-0.0572197	0.360447	0.00886769	0.0612631	-0.0194955	0.0774359	-0.0263321	0.0819921	0.518516	0.00408413	-0.0218407	-0.0041011	-0.0444179	-0.0298289	-0.0174033	-0.011507	0.00569386	-0.0131539	-0.0442685	-0.0273048	0.0143728	-0.0089137	-0.00749528	-0.023354	0.00644909	-0.0267029	0.0708214	-0.0242702	-0.0346617	-0.0201622	-0.0247715	0.00356171	-0.0162326	-0.0183595	-0.0138729	0.00547093	-0.0353062	-0.013458	-0.0280401	-0.0155763	-0.0141505	-0.0187028	0.224428	-0.0332401	-0.039005	-0.00402207	-0.0160925
-0.0641185	0.395202	-0.0352321	-0.0353782	-0.0391683	-0.00890057	-0.0571519	-0.0300137	-0.0332177	-0.015865	1	-0.0648255	-0.0603363	-0.0487052	-0.0347717	-0.199942	-0.0337664	0.24464	-0.0330827	-0.0695031	-0.0343868	-0.028471	-0.010784	-0.0431806	-0.14147	-0.0407526	-0.0314019	0.303211	-0.0334954	-0.0515778	-0.0572342	-0.0518231	-0.183916	0.350336	-0.119051	0.29415	-0.0372006	-0.165097	-0.0293703	-0.0281328	0.275696	-0.0407611	-0.0431713	0.558182	-0.0141564	-0.0944036	0.421925	-0.0461538	-0.0443489	-0.0352567	-0.0248781	-0.0485345	-0.054501	-0.031011	-0.0447493	-0.0273778	-0.0400469	-0.0310751	-0.0388872	-0.0436939	-0.0494366	0.035593	-0.0305557	-0.00455977	-0.00554051	0.0131903	-0.0182501	-0.144183	-0.0483401	-0.0203954	-0.0438062	0.193783	-0.0271362	-0.019707	-0.028036	-0.0367348	-0.0018669	-0.0125474	-0.0267678	-0.0327248	0.290543	-0.0253998	-0.0319821	-0.0803543	-0.0360772	-0.0038959	-0.0349383	-0.0225069	-0.022286	-0.012025	-0.0988812	-0.0219198	-0.0200272	0.130711	0.0251877	-0.0194512	-0.0316131	-0.0319056	-0.0125872	-0.0481323	-0.0352134	-0.0382448	-0.0537645	-0.0328241	-0.011726	-0.0186292	-0.0570573	-0.0388886	-0.0434199	0.000677301	-0.0319208	-0.0348768	-0.0327949	-0.0320585	-0.0417368	0.0166395	-0.0274971	-0.0425927	-0.0454154	-0.0410848	-0.0203363	0.273731	-0.0333131	-0.0345033	0.0124992	-0.0328721	-0.0265196	-0.0281819	-0.041993	-0.0323248	-0.0338917	-0.00385438	-0.0310121	0.0203085	-0.0236978	-0.0216923	-0.0162626
-0.044204	0.362669	-0.0342755	-0.0324209	-0.0195757	0.744178	-0.068503	-0.021336	-0.0143749	-0.0371665	-0.0648255	1	-0.0811935	0.699927	-0.0266227	-0.182799	-0.0386644	0.238058	-0.0302871	-0.0655499	-0.013445	-0.0353188	-0.0334965	-0.0488957	-0.116769	-0.0496336	-0.0461127	0.290034	-0.0349451	-0.0409196	-0.0740446	-0.0496529	-0.17463	0.325623	-0.106043	0.261093	-0.0575986	-0.145034	-0.0202483	-0.0336966	0.216852	-0.0158244	-0.0389715	-0.0297369	-0.020072	-0.0262174	-0.0542564	-0.0472524	-0.023432	-0.0421474	-0.0393096	-0.0524728	-0.0700618	-0.030931	-0.0464785	-0.0232759	-0.0614934	-0.0469815	-0.0662145	-0.025762	-0.0809874	0.143651	-0.00405885	0.044618	-0.0365894	-0.0183464	0.0196295	-0.0626355	0.222657	0.070867	-0.0504746	0.0115789	-0.0217869	-0.0254399	-0.0274966	-0.0335317	0.0589219	-0.0173117	-0.0100359	-0.0144086	-0.0625162	-0.0489096	0.432403	0.0521311	-0.0532657	-0.000907175	-0.0301689	-0.0165907	-0.0361599	-0.0202798	-0.051405	-0.0191097	-0.0115906	0.0295462	-0.00813916	-0.0367457	-0.0151079	-0.0212921	-0.0169187	-0.0394014	-0.0189431	0.14846	-0.0315363	-0.0334255	-0.034595	-0.0255148	0.0140814	-0.0253137	0.00511033	0.0013185	0.0617856	0.0687172	0.0356873	0.0204544	0.0169125	-0.00600376	-0.0387159	-0.0319626	-0.0345481	-0.0273255	-0.00480454	-0.00551327	-0.0368383	0.0265925	0.00794678	-0.0405929	0.00114266	0.0440239	-0.0364401	-0.0360116	-0.0391184	-0.0167201	0.0324438	-0.000878757	-0.0306923	-0.00181035	-0.0208887
-0.0697282	0.085093	-0.053133	-0.034518	-0.0519923	-0.0761888	0.682267	-0.0569767	-0.0308728	0.429617	-0.0603363	-0.0811935	1	-0.0523447	0.380812	-0.294164	-0.0407688	-0.181647	-0.0460017	-0.0924269	-0.0288042	-0.0556804	0.39863	-0.0545966	-0.183298	0.540997	0.293102	0.471782	-0.0539476	-0.0565866	0.842898	-0.0773655	0.167704	-0.217947	-0.14686	0.170882	0.482152	-0.236795	-0.0719948	0.313982	0.173142	-0.0610725	-0.0322388	-0.031351	-0.0515087	-0.11183	-0.0716726	0.216954	-0.0756154	-0.0356332	-0.0441083	-0.0657206	-0.0808711	-0.0170552	-0.0640796	-0.0527014	0.42204	-0.0650437	0.291316	-0.0338584	0.322262	-0.0776971	0.0627295	-0.0392214	-0.0640345	-0.0227667	0.0917892	0.157948	-0.0956995	-0.0482508	-0.0575629	-0.0249904	0.253221	-0.0456086	-0.0487401	0.451625	-0.028303	0.215339	-0.0278807	-0.0781982	-0.0251191	-0.0328561	-0.0432028	-0.0685921	0.0910717	-0.0415072	0.214571	-0.0305485	-0.040198	0.114446	0.0800131	0.141336	0.117981	-0.0865879	-0.053653	0.0104294	0.0905635	0.0265124	0.214984	0.128617	0.251591	-0.0372516	0.149058	0.144719	-0.0414905	-0.0248459	0.111745	0.345418	0.0963548	-0.0666425	-0.0161341	-0.0290944	0.0781736	0.0369386	0.0285146	-0.0587912	0.00833642	0.311982	0.161542	0.324344	-0.0891593	-0.0583597	-0.0307306	-0.0598054	-0.0180441	-0.0192564	-0.0884748	-0.0459901	-0.0443038	-0.0303587	-0.0372706	-0.0433877	0.0563203	-0.0577412	0.26894	-0.0220376	0.0463904
-0.0289747	0.254944	-0.0173281	-0.0264889	-0.0181203	0.76539	-0.0417661	-0.0125789	-0.0161817	-0.0251809	-0.0487052	0.699927	-0.0523447	1	-0.0245426	-0.129758	-0.0293324	0.165307	-0.0235104	-0.0469649	-0.00587119	-0.0236331	-0.0223923	-0.0324225	-0.0873989	-0.0277243	-0.0279953	0.202396	-0.0320257	-0.0285178	-0.0497533	-0.0388559	-0.113134	0.225165	-0.0773655	0.184479	-0.04086	-0.0947881	0.00841228	-0.0258607	0.16872	-0.0135256	-0.0245418	-0.019727	-0.00750624	-0.0533192	-0.0383391	-0.0372604	-0.00745397	-0.0299676	-0.0309331	-0.037689	-0.051315	-0.0251403	-0.0399381	-0.0128857	-0.0428423	-0.0324268	-0.0452049	-0.0215742	-0.0600049	0.0954578	-0.0144025	0.0848116	-0.016231	-0.0170645	0.0492921	-0.0188894	0.166123	0.127375	-0.0385453	0.0112863	-0.00812652	-0.0279919	-0.0243484	-0.0242129	0.0980316	-0.00522642	-0.00976402	-0.0181463	-0.0429893	-0.0313692	0.328197	-0.00182941	-0.0384532	0.00702813	-0.0214764	-0.0303875	-0.0144274	-0.00924828	-0.0278603	-0.0110449	-0.00668746	0.0515904	-0.000337564	-0.0206357	0.0311482	-0.00788191	-0.017054	-0.0324122	-0.0103868	-0.0160538	0.00743052	-0.0280228	-0.0197691	-0.0189031	-0.0343195	-0.0179231	0.0450645	0.0245152	0.0186387	-0.0246209	0.0190462	0.00724082	0.000135331	-0.00511098	-0.0231879	-0.0173834	-0.00717044	-0.0169363	0.0172613	-0.0247329	-0.025676	-0.0267557	-0.00103605	-0.0351493	0.0262178	-0.022009	-0.0233346	-0.0250808	-0.0287454	-0.0118967	0.0427971	0.00161875	-0.0191302	-0.00209406	-0.00846018
-0.0292937	0.213927	-0.0284025	-0.00535522	-0.025056	-0.0335476	-0.0394955	-0.0169164	-0.000541865	-0.0199903	-0.0347717	-0.0266227	0.380812	-0.0245426	1	-0.107589	-0.0123184	-0.124674	-0.0189123	-0.0412406	-0.0174836	-0.0228037	-0.0236932	-0.0228178	-0.0618646	-0.019285	-0.0313938	0.163002	-0.0083449	0.00387486	0.389678	-0.0299642	-0.09373	-0.0789581	-0.0644634	-0.100213	0.516195	-0.0859397	-0.0075067	0.817651	-0.0980815	-0.0272531	0.0171692	-0.0048247	-0.0132703	-0.0180305	-0.021825	0.621513	-0.0319608	-0.0207767	-0.0183868	-0.0110818	-0.0338628	-0.00920947	-0.0231581	-0.0166461	0.44331	-0.0213085	0.168005	-0.0212393	0.140036	0.0351697	-0.0178287	0.00355031	-0.0209673	-0.0097552	0.249497	0.0334775	-0.0437896	-0.0179932	-0.00854969	0.00294456	0.247804	-0.0125821	-0.0076138	-0.0327227	0.00622098	-0.00238867	0.00721637	-0.035344	-0.0226537	-0.00223544	-0.0208405	0.0600185	-0.00927128	-0.0138436	0.203103	-0.0128283	-0.00294923	0.116917	-0.0467703	-0.0108296	0.265202	-0.0642045	-0.0197869	-0.0242624	-0.0228104	-0.0142005	-0.0175885	-0.0207848	-0.0175941	0.00766402	-0.0317122	-0.0194575	-0.0102088	0.0035155	-0.0165671	-0.0252552	-0.012136	-0.0111572	0.00415361	-0.00484812	-0.0346619	-0.0341708	0.0123484	-0.00835733	-0.0156281	-0.0333422	-0.0331074	-0.0320724	-0.0143507	-0.0299489	-0.00937239	-0.0159365	0.00624141	-0.00304424	-0.0324561	-0.00976733	-0.00862653	-0.0087633	-0.0133815	-0.00659507	-0.025643	-0.00497165	-0.00645436	-0.0104786	-0.00426824
-0.160479	-0.488222	-0.112879	0.147406	-0.12678	-0.170478	-0.143838	-0.103587	0.107413	-0.12635	-0.199942	-0.182799	-0.294164	-0.129758	-0.107589	1	-0.069639	-0.768776	0.172281	0.314684	-0.0749897	-0.111688	-0.127634	0.209651	-0.400601	-0.164476	-0.0669998	-0.540894	0.187241	0.22621	-0.250123	0.255146	0.629269	-0.215126	0.551375	-0.351788	-0.0946232	0.796866	0.171682	-0.0782675	-0.199402	0.175	0.166932	-0.117244	-0.0557632	-0.267364	-0.19206	-0.0989225	0.180942	0.183921	0.149975	0.249785	0.101627	0.14741	-0.130182	0.130642	-0.147597	0.0146276	-0.037973	0.0690215	-0.00841165	0.152241	0.063214	-0.0459299	-0.00830639	0.0740003	-0.0571406	-0.135866	0.0958826	-0.0409201	0.108844	0.0238908	-0.0537972	-0.10336	0.0140264	-0.11866	-0.0682749	-0.062387	0.0916319	0.155091	0.00200837	0.088359	-0.0667735	0.135876	0.0251397	0.0216429	-0.0518037	-0.0548821	-0.000732275	-0.0513311	-0.144779	-0.0539134	-0.0143734	0.0798283	-0.00619068	0.0812603	-0.022592	-0.0259999	-0.0557445	0.019202	-0.0803862	0.040969	-0.00134251	-0.000953747	0.1076	0.0863666	0.0223466	-0.0924463	-0.0337196	0.0345119	0.00529004	0.018428	-0.0970522	-0.0384144	-0.00451367	0.038925	0.0416903	-0.0500398	-0.0646277	-0.0424296	-0.0206876	0.0318324	0.0909448	0.0949378	-0.0141479	0.116563	-0.0500948	0.0532829	-0.0571668	0.090571	0.0353716	0.122833	0.0464649	0.0272017	-0.0415821	-0.0327774	0.0211019
-0.0164067	-0.0745929	-0.0149307	-0.0174546	-0.020176	-0.0317598	-0.0335694	0.0104742	0.00297377	-0.0215888	-0.0337664	-0.0386644	-0.0407688	-0.0293324	-0.0123184	-0.069639	1	0.0926381	-0.0192597	-0.0132521	-0.0016408	-0.0182114	-0.0189061	-0.0139115	0.185028	-0.024611	-0.0239033	-0.0903806	-0.00877357	-0.00966798	-0.0362682	-0.00585833	-0.071719	-0.0714147	-0.0358839	-0.0882643	-0.0343437	-0.0558626	-0.0179613	-0.0154088	-0.0892121	-0.0114446	-0.00873581	-0.00629674	-0.00533896	-0.0433035	-0.0364561	0.570103	-0.0207448	-0.0204492	-0.013413	-0.0167839	-0.0247203	-0.0201559	-0.024714	-0.00891096	0.413213	-0.0149022	0.35463	-0.0207965	-0.0291269	-0.0432536	-0.018632	0.014922	0.011995	-0.0138625	0.0103359	-0.0415675	-0.0236752	-0.017112	-0.012338	0.0658332	-0.00683096	-0.0136395	-0.0261559	-0.0145581	0.00354423	-0.0110444	-0.0189255	-0.0261602	-0.0288351	-0.00963646	-0.0241768	-0.0364894	-0.00997889	0.0102704	-0.00342367	0.0244225	-0.0140859	-0.00853823	-0.048356	-0.00596468	0.00333525	0.0717488	-0.00894496	0.000273122	-0.0298177	-0.00859589	-0.0141364	-0.00574302	-0.0205646	-0.0106547	-0.0297122	0.000573549	-0.0044542	-0.00424217	0.00107177	-0.0143198	-0.0235257	-0.0176926	-0.0184529	-0.00975159	-0.0218262	-0.0282487	-0.00974928	-0.0153446	-0.0189104	-0.00335035	-0.0200801	-0.00529402	-0.0176014	-0.0503649	0.0020867	0.0120783	-0.0041038	-0.0260974	-0.00838666	-0.0130741	-0.00713349	0.00277295	-0.000177854	-0.0144908	-0.0275749	-0.00781001	-0.010388	-0.0116027	-0.0112925
0.20898	0.552103	0.155561	-0.113667	0.159268	0.224047	-0.277146	-0.114781	-0.0831185	0.165512	0.24464	0.238058	-0.181647	0.165307	-0.124674	-0.768776	0.0926381	1	-0.139246	-0.237907	0.0982139	-0.134998	-0.127848	-0.173247	0.534875	-0.173019	0.111685	0.347602	-0.142573	-0.186132	-0.281294	-0.196151	-0.713854	0.349869	-0.437922	0.162385	-0.00780984	-0.627131	-0.120918	-0.124926	0.0840771	-0.130207	-0.144311	0.144598	-0.0409326	0.356765	0.245436	-0.0429332	-0.129485	-0.166788	-0.111086	-0.198233	-0.0486698	-0.132023	0.177258	-0.0988741	0.0683396	0.0351141	0.0345996	-0.0328525	-0.21021	-0.106784	-0.102204	-0.0122863	0.0200387	-0.0619364	-0.0651087	0.00373264	-0.0336964	0.0773255	-0.0689521	0.0243547	-0.0965636	0.129997	0.0257623	-0.161886	0.000650747	-0.0667612	-0.0769101	-0.103166	0.0481369	-0.0590132	0.0836285	-0.0878917	0.015985	0.00595322	0.0231413	-0.0235553	0.0335547	0.0546088	0.0812089	0.0806497	-0.0608165	-0.0216758	0.0433513	-0.0614474	-0.0609217	0.0412602	0.0874446	-0.0904515	-0.0784955	-0.0169137	-0.115257	-0.0958958	-0.0772892	-0.0674305	-0.0852535	-0.11625	-0.0610323	0.00781851	-0.00226482	0.00713945	-3.0805e-05	-0.0214505	-0.0227341	-0.000566054	-0.0205804	-0.140965	-0.0757072	-0.155325	0.0235346	0.0176328	-0.07252	-0.0529872	0.0179146	-0.0954494	0.0495642	-0.0164618	0.0872847	-0.0687841	-0.00574967	-0.0903643	0.00200771	-0.0049341	-0.133699	-0.0113402	-0.068073
-0.02352	-0.0914855	-0.0222726	-0.00772588	-0.0263483	-0.0322684	-0.0290902	-0.0131555	-0.00817602	-0.0240242	-0.0330827	-0.0302871	-0.0460017	-0.0235104	-0.0189123	0.172281	-0.0192597	-0.139246	1	-0.0249356	-0.0131417	-0.0137973	-0.0227906	-0.0193166	-0.0711686	-0.0231232	-0.0318686	-0.109662	-0.0244897	-0.0286936	-0.0349864	-0.0323163	0.17508	-0.0969391	0.313264	-0.11119	-0.0340524	0.201108	-0.0277165	-0.0121023	0.154585	-0.00323807	-0.0277712	-0.00956968	-0.0123167	-0.0535419	-0.0335624	-0.0236706	-0.0270732	0.717036	-0.0231421	-0.0319865	0.440682	0.913915	-0.0274245	-0.0124493	-0.0283505	-0.0313637	-0.0243547	-0.0175455	-0.0578841	-0.063819	-0.00489095	-0.0123767	-0.0369165	-0.0212901	-0.0177584	-0.0837367	-0.0270736	-0.0258473	-0.0154201	0.111757	-0.010388	-0.00471139	-0.0238524	-0.0208997	-0.0144093	-0.00134361	-0.0167974	-0.0252132	-0.0254644	-0.0225257	-0.0174857	-0.04233	-0.0153666	0.00233272	-0.00593564	-0.00507362	-0.017285	-0.00715211	-0.0612953	-0.00487014	-0.0148485	0.086147	0.00518281	-0.0176645	-0.0440146	-0.0133444	-0.00347852	-0.00157231	-0.000936705	-0.0243684	-0.0387793	0.00710097	-0.0278599	-0.0109487	-0.0109964	-0.0105628	-0.0439133	-0.0147566	-0.0298007	-0.0304182	-0.043156	-0.050829	-0.0313241	-0.00908945	-0.0173058	0.00465026	-0.0362847	0.00691619	-0.0426057	0.203074	-0.0197646	-0.0324023	-0.0223219	-0.0209985	-0.0431803	-0.0310551	-0.0184663	-0.019181	-0.0283448	-0.0243796	-0.00589726	-0.0122382	-0.00641857	0.0034598	-0.00305173
-0.0369429	-0.166474	-0.0362495	-0.0198631	-0.0372157	-0.0584889	-0.0704178	-0.0377041	-0.0175199	-0.0403107	-0.0695031	-0.0655499	-0.0924269	-0.0469649	-0.0412406	0.314684	-0.0132521	-0.237907	-0.0249356	1	-0.0037893	-0.0406268	-0.0332888	-0.0171038	-0.110754	-0.059888	-0.0485958	-0.203187	-0.0300374	-0.0388798	-0.0800288	-0.0458554	0.24368	-0.108236	0.471397	-0.150248	-0.0621267	0.304165	-0.0289592	-0.0247597	-0.143298	-0.030704	-0.0127307	-0.0404155	-0.0281572	-0.0839537	-0.0708052	-0.0276654	-0.0294213	-0.0421047	-0.0195144	-0.0403959	-0.0508131	-0.0290338	-0.0333853	-0.0249999	-0.0423536	-0.036115	-0.0478329	-0.00923668	-0.00969384	0.20309	-0.0237768	-0.00323499	0.0140504	-0.015495	-0.0161727	-0.136673	0.280436	-0.0439838	-0.0375	0.061514	-0.00858217	-0.037009	0.0287832	-0.0442866	-0.0372292	-0.0197802	-0.0176102	0.2517	-0.0326137	0.00340287	-0.00259955	0.101685	-0.00473437	0.150604	-0.00460355	-0.0124746	-0.0266407	0.0595281	-0.0942598	-0.0048382	0.00293178	0.0379437	0.106179	-0.0207222	0.0460346	-0.00262536	-0.0108522	-0.0390402	-0.0343076	-0.0263965	0.0181915	-0.0371347	-0.00900269	-0.0243997	-0.0413909	-0.0408123	0.0265688	0.0510604	0.00382648	-0.0160242	-0.0593779	-0.0304079	-0.0296495	0.0567928	-0.0345486	-0.0493875	-0.0489888	-0.0455858	-0.00953133	0.0929796	-0.0168928	0.075313	0.0123477	0.0229479	-0.043372	0.108769	-0.0484341	-0.0140957	-0.0166878	0.180276	0.010996	0.0517515	-0.0166285	-0.0151188	-0.0291962
0.499907	-0.0608793	-0.0130526	-0.0092593	-0.0312016	-0.00181196	-0.0211434	-0.0138293	-0.00921193	-0.0135598	-0.0343868	-0.013445	-0.0288042	-0.00587119	-0.0174836	-0.0749897	-0.0016408	0.0982139	-0.0131417	-0.0037893	1	-0.0266783	-0.00648165	-0.0219105	0.178903	-0.0118406	-0.0180694	-0.0670523	-0.0204463	-0.0286145	-0.0242715	-0.0257053	-0.0633877	-0.0670576	-0.0339651	-0.0780673	-0.028015	-0.0555489	-0.0199294	-0.0166313	-0.0748957	-0.0131033	-0.0217103	-0.0191331	-0.0187024	0.199021	-0.0311664	-0.0134398	-0.00545628	-0.0193543	-0.0148492	-0.027158	-0.0278275	-0.0177024	0.176219	-0.00561732	-0.0218391	-0.0138663	-0.0280145	-0.0041521	-0.0339597	-0.0550174	-0.0198965	-0.00947044	-0.00419598	-0.00959803	-0.00717588	0.0725377	-0.0257811	-0.0160004	-0.025467	-0.0579146	2.35688e-05	0.189119	-0.0100789	-0.00635191	-0.00996642	0.00214752	-0.0198959	-0.0308235	-0.02135	-0.0271792	-0.0110615	-0.0269112	-0.0303573	0.0125624	-0.0133603	-0.0235661	0.0365067	-0.00389312	0.0656365	-0.0142218	-0.00256196	-0.0528497	0.0133539	-0.00894962	-0.020532	0.000896854	-0.00654581	-0.0151039	0.00689383	-0.0230278	-0.0260077	-0.0169416	-0.00234078	-0.0100629	-0.0239479	-0.0050237	0.00378406	0.00254958	0.0175919	-0.0172729	-0.0374544	-0.0288698	-0.00894417	0.0314737	-0.00852183	-0.00995648	-0.00686636	-0.00636684	-0.0083755	-0.0507047	0.0224955	0.0136485	0.00720081	-0.0183058	-0.0345339	0.00678846	0.11397	0.0232529	-0.00829325	0.0232017	-0.00646419	0.0248309	0.00827752	-0.0125972	-0.0204341
-0.0300995	-0.084649	-0.0286606	-0.021587	-0.0176014	-0.0344043	-0.0458257	-0.0283024	-0.0230727	-0.0261152	-0.028471	-0.0353188	-0.0556804	-0.0236331	-0.0228037	-0.111688	-0.0182114	-0.134998	-0.0137973	-0.0406268	-0.0266783	1	-0.0090897	-0.015304	-0.0763621	-0.0385721	-0.026214	-0.106704	-0.0149176	-0.0218691	-0.0500834	-0.0294829	-0.116264	-0.0840133	-0.0620358	0.178563	-0.0393756	-0.0958287	-0.0186743	-0.0218148	-0.0907903	-0.0190309	-0.0255649	-0.0195304	0.467256	-0.058739	-0.0272372	-0.0267436	-0.0341611	-0.0185373	-0.0164732	-0.0210084	-0.0378148	-0.0152745	-0.0227938	-0.00921985	-0.0369115	-0.0255008	-0.0358467	-0.0270095	-0.0388172	-0.0487968	-0.0152951	0.31889	-0.019022	-0.01593	0.23922	0.0142029	-0.0253617	-0.00943548	0.000350164	0.00653972	-0.0248497	-0.0104613	-0.0391353	-0.02854	0.324647	-0.0192166	0.00370072	-0.0258723	-0.0378785	-0.0322967	0.0218706	-0.0404637	-0.0273101	-0.0230744	-0.0154494	0.365661	-0.0198969	-0.0149226	-0.0578166	0.00224205	0.00744879	0.0834615	-0.0281361	0.000286131	-0.0260441	-0.00946595	-0.0138773	-0.0234788	-0.0144748	0.00291684	-0.0398498	-0.0208708	-0.0112956	0.00270664	-0.021488	-0.0291577	-0.033477	-0.0270861	0.0672003	-0.0178176	0.0461088	0.0248821	-0.0208271	-0.0127324	0.00590702	-0.0412042	0.0236431	-0.0384154	0.0604301	-0.036154	-0.00774628	-0.0234396	-0.00424903	-0.00490191	0.0659637	-0.0301453	-0.0279009	-0.00978043	-0.0152065	-0.0229619	-0.0257339	-0.000903045	-0.0334466	-2.46179e-05	0.0472786
-0.0232958	-0.0840215	-0.0196892	-0.0189194	-0.0230822	-0.0283992	0.466243	-0.0210836	-0.0234905	-0.0247361	-0.010784	-0.0334965	0.39863	-0.0223923	-0.0236932	-0.127634	-0.0189061	-0.127848	-0.0227906	-0.0332888	-0.00648165	-0.0090897	1	-0.0186532	-0.0696567	-0.0221655	-0.034695	0.200419	-0.0345104	-0.029454	0.456408	-0.034441	0.172819	-0.0938159	-0.0597258	0.179523	-0.0424609	-0.10028	-0.0243942	-0.0308521	0.157745	-0.0252596	-0.0240332	-0.00225791	-0.0229133	-0.0402946	-0.0277431	-0.0341684	-0.0206332	-0.0280233	-0.0304179	-0.0397794	-0.041121	-0.0242282	-0.0186298	-0.0166472	-0.0196605	-0.0327899	-0.0131323	-0.0252169	0.173543	-0.0723709	0.0031963	-0.0228999	-0.034373	0.00616019	0.0198397	0.111011	-0.0245292	-0.0276685	-0.0247513	-0.0678508	0.0253559	-0.0135195	-0.0198941	0.413826	-0.0189598	-0.00260388	-0.016007	-0.00990518	-0.00726602	-0.0123408	-0.0168234	-0.0494627	-0.0333325	-0.0237135	-0.00482881	-0.0131463	-0.0252721	-0.0280781	0.103846	-0.0335851	0.024437	-0.0959632	-0.0358907	-0.0142871	-0.0638745	0.0273549	-0.0270034	0.291663	0.00230705	-0.0214416	0.137616	0.329581	-0.0199644	-0.0099792	0.27339	-0.0115665	-0.043504	-0.03688	0.0164836	0.0099758	-0.0300128	-0.0488239	-0.0271887	-0.0369657	-0.0143859	0.255067	0.0978653	0.250667	-0.0712402	-0.0402007	-0.0140594	-0.0267969	-0.0158646	0.0145013	-0.0599172	-0.0295908	-0.0152578	-0.0134353	-0.0231268	-0.0139904	-0.0289737	-0.0297709	0.180961	-0.00498149	-0.0170415
-0.0382802	-0.111297	-0.031314	-0.00325189	-0.0232461	-0.0406247	-0.0437228	-0.0179514	-0.0130064	-0.0279459	-0.0431806	-0.0488957	-0.0545966	-0.0324225	-0.0228178	0.209651	-0.0139115	-0.173247	-0.0193166	-0.0171038	-0.0219105	-0.015304	-0.0186532	1	-0.0900325	-0.0397548	-0.0387223	-0.129668	-0.0368712	-0.0364715	-0.049428	-0.0429756	0.217008	-0.122367	0.377832	-0.14391	-0.0391844	0.255652	-0.0166413	-0.0216478	-0.132442	-0.0118292	-0.0254523	-0.0251153	-0.00824154	-0.0608516	-0.0537765	-0.02866	-0.0163316	-0.0286956	-0.0360834	-0.0480766	-0.029664	-0.0234317	-0.028015	-0.00773376	-0.0307859	-0.012324	-0.0366608	-0.0106762	-0.097502	0.111294	-0.02037	-0.0147209	0.00440919	-0.027645	-0.0259843	-0.0505757	-0.0211646	-0.0208096	-0.0305693	-0.0840736	-0.0264088	-0.0201506	-0.0336236	-0.0283152	-0.01986	-0.0119927	-0.0135764	-0.0223051	-0.0182366	-0.0134176	0.00110878	0.179008	-0.0305405	0.000886384	-0.0396609	-0.0185307	-0.0196469	-0.0422158	-0.0415748	-0.0370757	-0.0230526	-0.0693564	-0.00357684	0.242292	-0.0419471	-0.0324804	-0.0176176	0.0573226	-0.0215514	-0.0168184	0.00125863	-0.0456192	-0.0160523	0.251827	-0.0524265	-0.0342825	0.04892	-0.0219876	-0.0241679	-0.0203594	-0.0586683	0.00676395	0.0696932	-0.0154788	0.165811	-0.0506403	-0.0046457	-0.0472714	0.0313161	-0.0132184	0.218678	-0.0307675	-0.00689236	-0.013496	-0.0434768	-0.0229911	0.0192753	0.21519	-0.0179802	-0.00143996	-0.026545	-0.0164195	-0.0463501	0.00859715	-0.0237723
0.399169	-0.325347	-0.0707392	-0.0533009	0.28064	-0.107933	-0.142922	-0.0715741	-0.0402635	-0.0823574	-0.14147	-0.116769	-0.183298	-0.0873989	-0.0618646	-0.400601	0.185028	0.534875	-0.0711686	-0.110754	0.178903	-0.0763621	-0.0696567	-0.0900325	1	-0.109209	-0.0321209	-0.402998	-0.0883733	-0.107044	-0.167268	-0.107029	-0.399102	-0.3578	-0.229822	-0.432683	-0.131757	-0.327673	-0.050106	-0.0726928	-0.420783	-0.0804722	-0.0798865	-0.068392	-0.0554375	0.643658	-0.125867	0.0602253	-0.0874921	-0.0871418	-0.0691368	-0.116575	-0.140022	-0.0690965	0.345185	-0.0431835	-0.00999434	-0.0856719	-0.0318234	-0.03992	-0.117683	-0.189592	-0.063542	-0.0227525	-0.064884	-0.0359505	-0.0279643	0.201633	-0.104978	0.105191	0.0014591	-0.110079	-0.0463423	0.230913	-0.0770366	-0.0920811	-0.00237019	-0.0443463	-0.0492249	-0.0653009	-0.0787551	-0.0664912	-0.0580727	-0.153411	-0.0621497	-0.0457641	-0.028813	-0.0467634	-0.0441445	-0.0565938	0.227515	-0.0263758	-0.0220398	-0.114607	-0.0637888	-0.0506124	-0.0509735	-0.00139232	-0.0329993	-0.04902	-0.0374075	-0.0467867	-0.0751961	-0.0243269	-0.0190657	-0.0370897	-0.0569504	-0.0694862	-0.00159654	-0.0544831	-0.0472939	-0.0242346	-0.0518319	-0.0817642	-0.0354557	-0.0511368	0.0159986	-0.0713098	-0.0766724	-0.0839815	-0.0250845	-0.0934593	-0.0311154	-0.0361134	0.00398794	-0.0333427	0.0376547	-0.0232633	0.18455	-0.0303448	0.0755836	-0.047675	-0.0463241	-0.0525958	-0.10717	-0.0305286	-0.040572
-0.0382253	-0.117473	-0.0390246	-0.0179145	0.0204626	-0.0440669	0.635194	-0.0342383	-0.0146046	-0.0338822	-0.0407526	-0.0496336	0.540997	-0.0277243	-0.019285	-0.164476	-0.024611	-0.173019	-0.0231232	-0.059888	-0.0118406	-0.0385721	-0.0221655	-0.0397548	-0.109209	1	-0.0307628	0.281853	-0.0315169	-0.0404113	0.656555	-0.0471949	0.252245	-0.130003	-0.088522	0.254883	-0.0410937	-0.142608	-0.0479053	-0.0194976	0.254562	-0.0364197	-0.0260924	-0.0277447	-0.0247319	-0.0885786	-0.0526515	-0.0298563	-0.0403524	-0.0106978	-0.0161007	-0.0377	-0.0400277	0.00823115	-0.0430499	-0.0308123	-0.0430862	-0.030815	-0.0500761	-0.0124108	0.286991	-0.0749241	0.124265	-0.0271648	-0.0365574	-0.0238379	-0.0159141	0.172089	-0.0564899	-0.030632	-0.0149546	-0.127483	-0.0186307	-0.0237074	-0.0432786	0.492318	-0.0274256	-0.0227758	-0.0205395	-0.0513731	-0.045062	-0.0325531	-0.0261004	-0.0683985	-0.0467032	-0.017623	-0.0306656	-0.0260021	-0.0352637	-0.046417	0.186459	-0.0359981	-0.0117627	-0.132515	-0.0235612	-0.0130834	0.25338	-0.0230315	-0.0277032	0.0114791	0.456614	-0.0379093	0.220323	0.032029	-0.0338387	-0.0230056	-0.00147967	0.621037	0.248512	-0.0441796	-0.0425118	-0.0371994	0.211461	0.171582	0.0736845	-0.0348041	-0.0112444	0.375829	0.199369	0.401176	-0.0397993	-0.0360279	-0.018646	-0.0475154	-0.0125091	-0.0317911	-0.0302432	-0.03564	-0.0236468	-0.0196306	-0.0254123	-0.0346562	-0.0417958	-0.0358693	0.26663	-0.0187201	0.109926
-0.0475485	0.143009	-0.0137524	-0.0134875	-0.0302235	-0.0455287	-0.0546692	-0.0039292	-0.0254177	0.752799	-0.0314019	-0.0461127	0.293102	-0.0279953	-0.0313938	-0.0669998	-0.0239033	0.111685	-0.0318686	-0.0485958	-0.0180694	-0.026214	-0.034695	-0.0387223	-0.0321209	-0.0307628	1	0.199557	-0.0323215	-0.036775	-0.0610924	-0.0406221	-0.162658	-0.119532	-0.0902582	-0.14603	0.698423	-0.137007	-0.0439179	-0.0259	-0.144768	-0.0257781	-0.0218015	-0.0244581	-0.0303545	-0.0653908	-0.0276622	-0.0325255	-0.04102	-0.0401944	-0.0254768	-0.0402737	-0.0639284	-0.0278294	-0.0481923	-0.0246279	0.422362	-0.0429384	0.39915	-0.0139232	-0.00542336	-0.0837644	-0.0146013	-0.0201693	-0.0419196	-0.0113394	0.0341455	-0.0261618	-0.0518171	0.0382585	-0.0242405	0.0715754	0.0334691	-0.0464383	-0.00245714	-0.0307584	-0.0228385	-0.0167851	-0.0108887	-0.0388112	0.0267384	-0.0233874	-0.0233553	-0.0467446	0.223556	-0.018646	0.297379	-0.00910859	0.0117661	0.21348	-0.0270865	0.313223	0.0714959	-0.00307335	-0.0193514	0.0282251	0.0162092	0.116613	0.376047	0.0487291	-0.0173951	-0.0175723	0.0193454	0.00832823	-0.0192396	-0.0239807	0.0455066	-0.00829191	-0.000744294	-0.0276347	-0.00602874	0.0267588	-0.0164407	-0.0339747	-0.020828	-0.0265266	0.0843584	0.00922641	-0.0269741	-0.0130619	-0.0290854	-0.0231624	-0.0289065	-0.0275529	-0.0124927	-0.0114628	-0.0234931	-0.015408	-0.0462847	-0.0301649	-0.00728757	-0.0237077	0.146775	-0.0331947	-0.0154113	-0.00936316	-0.0234544
