1	0.779089	0.413929	-0.0427371	0.922612	0.134687	0.774792	0.543499	-0.147225	-0.0433903	0.0731922	-0.136122	0.513544	-0.0514565	-0.0573284	0.48336	0.696336	0.606817	0.0391136	-0.0576132	0.000619542	-0.296086	0.539897	-0.0807616	0.6261	-0.0706797	0.235714	0.185759	0.0266913	-0.0326045	-0.0489576	-0.067528	-0.0360235	-0.0532562	0.196766	-0.124234	-0.0879754	-0.0768548	-0.0925608	-0.0357772	-0.0806275	-0.0558606	-0.0262799	0.00181217	-0.0206515	-0.0550316	-0.0828212	0.115098	0.0603596	-0.0565186	-0.0573834	0.0517102	-0.00425434	-0.0379846	0.133225	-0.00939677	0.0466693	-0.00868472	0.0713587	-0.0330555	-0.0370403	0.084771	-0.0364326	0.0362151	-0.0694283	-0.0305262	-0.00287195	0.151174	-0.0203651	-0.0450507	-0.0375651	-0.0367887	0.0364002	-0.0428724	-0.0477757	0.00506344	-0.0491283	-0.00788806	-0.118385	-0.105531	0.0169057	0.0475827	0.00740601	0.0627021	-0.0347981	-0.0171854	0.028012	-0.0425125	0.0694145	0.0211054	0.0295568	-0.0263106	-0.015859	-0.0656602	-0.0390274	-0.000142032	0.0593659	-0.00997156	0.109031	-0.0120118	-0.0113927	0.0846562	-0.0609118	0.0400951	-0.031166	-0.0537478	-0.0490596	-0.0376712	0.0669193	0.000410706	-0.00224915	0.0819807	-0.0749306	-0.0606103	-0.077739	-0.00169478	0.00202085	-0.060661	-0.0589002	-0.0248437	0.159397	-0.0548127	0.0133082	-0.0282692	-0.0153123	0.0618345	0.00253339	0.0327617	0.133587	-0.00713747	0.0199542	-0.0196204	-0.00295904	-0.0176896	-0.0397432	-0.0392195	-0.0183147	-0.0279657	-0.0098008	-0.031766	-0.004338	-0.0500205	0.0685932	-0.00484274	-0.002744	-0.0442451	-0.050937	-0.0330765	-0.00183815	0.00730252	0.0172213	-0.0440986	-0.0154851	-0.015647	0.0268783	-0.0265517	-0.036934	-0.0290029	-0.0302157	-0.039148
0.779089	1	-0.0564247	-0.0426828	0.771077	-0.0693608	0.691714	0.714886	-0.113737	-0.0396958	-0.0521773	-0.106257	0.420942	-0.0392262	-0.0388823	0.348073	0.486486	0.496979	0.0409903	-0.0506259	-0.0709658	-0.233088	0.402985	-0.0558124	0.714337	-0.0906338	0.225387	-0.0204941	-0.0500109	-0.0170064	-0.0180155	-0.0900542	-0.0313933	-0.0327287	-0.0294329	-0.11733	-0.0657758	-0.0604237	-0.0695605	-0.0266995	-0.063801	-0.0467479	0.0114549	-0.0316006	-0.032648	0.00279435	-0.0515235	-0.0136014	0.108285	-0.0511564	-0.0422172	-0.0417954	0.0153472	0.00598067	-0.0284684	-0.00202599	0.0643133	-0.0170875	-0.0615429	-0.0287197	-0.0238932	-0.0459953	-0.0108802	0.093873	-0.0622071	-0.0215153	0.0190269	0.00233362	0.00822646	0.00901466	-0.0188892	-0.0242677	-0.0588224	-0.0488803	-0.0185901	-0.0374493	-0.033614	-0.0291615	-0.064521	-0.0856087	-0.0177807	0.0505556	-0.0245261	-0.034434	-0.024768	-0.0311541	-0.0323101	0.0028484	0.0444414	-0.0172777	0.0176311	-0.0128444	0.000728321	-0.0518403	-0.0323638	0.0133829	0.0935225	-0.00558327	0.144674	-0.0184815	-0.0483488	0.125163	-0.0388669	0.057057	-0.0358626	-0.0764227	-0.04388	-0.0355265	0.112687	-0.0295188	-0.00246981	0.062859	-0.0469222	-0.0513925	-0.0493637	0.0113627	0.0112065	-0.0534319	-0.070498	-0.0336671	0.210945	-0.0565706	0.0104884	-0.0375381	-0.0286911	0.0562132	0.00752272	0.0590819	0.175414	-0.0107462	0.0181227	-0.0517982	0.0177515	-0.0510192	-0.074224	-0.0370699	-0.00752282	-0.0320973	-0.0312817	-0.0439905	-0.0192482	-0.0397633	0.0910948	-0.00947656	-0.0271113	-0.033608	-0.0733792	-0.0363977	0.0266092	0.0179728	0.0324397	-0.0737831	-0.0254163	-0.0164627	-0.00537308	-0.0578328	-0.0499241	-0.0410043	-0.0155055	-0.0262533
0.413929	-0.0564247	1	-0.00849677	0.451857	-0.0327725	-0.0708902	-0.0366896	-0.0577582	-0.0204916	-0.0102018	-0.0539625	0.292708	-0.0182642	-0.0269153	0.256027	0.346638	0.335901	-0.0284657	-0.013429	-0.0137497	-0.14518	0.300543	-0.0366004	-0.0495918	-0.0482846	0.16831	0.445375	-0.0429083	-0.0258702	-0.0336654	-0.064158	-0.00977724	-0.033227	0.488654	-0.0857294	-0.0422175	-0.0285677	-0.0414708	-0.0191234	-0.0770481	-0.0116325	-0.0250819	0.0859898	-0.0281174	-0.064257	-0.0574186	0.148422	-0.0585948	0.0115667	-0.0285049	0.123933	-0.0219368	-0.0436737	0.307769	0.0280421	-0.0256485	0.059439	0.165451	-0.0119857	-0.0193876	0.268154	-0.036755	-0.0386842	-0.0212195	0.0056484	-0.00602882	-0.011652	-0.0233366	-0.0486873	-0.017737	-0.0249088	0.195862	-0.0119936	-0.0487904	0.105705	-0.0281725	-0.0476182	-0.0812401	-0.0696889	-0.0271017	-0.0419388	0.081877	0.211868	0.0063424	0.0480108	0.14751	-0.0741165	-0.00475432	-0.0150505	0.0294009	-0.0176411	-0.0742393	-0.0278248	0.000237907	0.00157555	-0.0249892	-0.00685465	0.00217998	0.0052482	0.0885167	-0.00121935	-0.0241029	-0.0134823	0.020297	0.0538592	-0.0163875	-0.0180137	-0.0624792	0.080027	-0.0331251	0.0266961	-0.0340857	-0.015121	-0.0361379	-0.0196856	-0.0178881	-0.0016716	0.00719247	0.000451823	-0.027664	0.0242104	0.025081	0.0245935	0.0056824	0.0253023	0.00814914	-0.0249005	-0.0257428	0.0266368	0.00839588	0.0252995	-0.013139	0.0161163	-0.00582972	-0.0220114	-0.00753299	0.0150849	0.0645105	-0.0365894	0.0384603	-0.0298107	0.0105408	-0.0274807	0.0696561	-0.0248415	0.0253292	-0.0325645	-0.0424438	-0.00997234	-0.0289621	-0.0185715	0.0143508	-0.0104841	0.0808459	0.0564012	0.0210477	-0.0193397	-0.0284596	-0.0200391
-0.0427371	-0.0426828	-0.00849677	1	-0.0413066	-0.0217933	-0.0477254	-0.0349244	-0.0474346	-0.0179896	-0.0164836	-0.0442054	-0.066944	-0.019173	-0.021439	-0.0748421	-0.0515474	-0.0499523	-0.0155212	-7.01541e-05	-0.0263998	0.095111	-0.066801	-0.0157492	-0.0463771	-0.0485207	0.10926	-0.0110742	-0.0130866	-0.0104842	-0.0263059	-0.028017	0.0011432	-0.0231783	-0.0159385	-0.0465907	-0.0220956	-0.0086685	-0.00996845	-0.0158873	-0.0295065	-0.00299571	-0.0297442	-0.0294914	-0.0366533	-0.0734735	0.0135916	-0.0273414	-0.0602978	-0.0286457	-0.0181207	-0.0432462	-0.0189389	-0.0611122	-0.0192117	-0.0273972	0.08019	-0.0186134	-0.0399705	0.588455	-0.0170718	-0.031276	-0.029131	-0.0286903	0.308868	-0.0377944	-0.00048442	-0.00782469	-0.0258791	-0.0403647	0.00763496	-0.0231566	-0.0251922	-0.00791966	-0.0650892	-0.021105	-0.0304862	-0.0159248	0.103052	0.0799234	0.00307793	-0.0348139	-0.012668	-0.0147653	-0.0370545	-0.0149243	-0.0199648	0.0796302	-0.0272624	-0.00252692	-0.0479186	-0.0219462	0.0773834	-0.0287514	-0.00617639	0.00790095	0.00172403	-0.00217875	-0.0773	-0.0204564	-0.0167117	0.0146241	-0.0105821	-0.0307367	-0.0205824	-0.0214426	-0.0141717	-0.0224955	-0.0719329	-0.0126198	-0.0199998	-0.0406619	0.069761	0.140415	0.0610082	-0.0323433	-0.0179279	0.174405	-0.0302863	0.00821155	-0.0246654	0.00159165	-0.0372795	-0.00618106	-0.0282244	-0.0345029	-0.031294	-0.0181762	-0.0212218	-0.0382626	-0.0360827	-0.010124	-0.0260182	0.0723464	0.117372	-0.0115179	-0.0353344	-0.0196865	0.0112094	0.0776985	0.0179326	-0.0188883	-0.065931	0.0917257	0.0101191	-0.00916314	-0.0367922	0.060869	-0.0308899	-0.0105568	-0.0221738	0.107522	-0.0108906	-0.00920527	-0.00447755	-0.0568155	-0.0234237	-0.0161309	-0.0315599	-0.020768
0.922612	0.771077	0.451857	-0.0413066	1	-0.0879543	0.653764	0.594631	-0.129565	-0.0354735	-0.047601	-0.121196	0.577317	-0.0460354	-0.0504248	0.494628	0.672707	0.668482	0.0193214	-0.0500818	-0.0645097	-0.292358	0.567514	-0.072508	0.685499	-0.0916532	0.28332	0.198886	0.034939	-0.0307078	-0.0345135	-0.0542394	-0.0263278	-0.0379438	0.213932	-0.0996164	-0.0827083	-0.0672271	-0.083127	-0.0295837	-0.0504818	-0.0490531	-0.00248246	0.0136478	0.00233423	-0.0324086	-0.0732603	0.138833	0.0142316	-0.0403111	-0.0560168	0.0794455	0.0110011	-0.0232787	0.144282	0.0150888	0.004816	0.00956745	0.0889615	-0.0322143	-0.0350972	0.103054	-0.0254661	0.0588328	-0.0690325	-0.0140339	0.0100393	0.160617	-0.00817393	-0.0256711	-0.0305883	-0.0368031	0.0552306	-0.0402873	-0.0123135	0.015732	-0.0475536	-0.00388022	-0.101131	-0.0818811	0.0244075	0.0318532	0.0128693	0.0698121	-0.0588007	-0.0101856	0.0391011	-0.033572	0.0831405	-0.0234963	-0.00138993	-0.0201457	-0.00415904	-0.0570397	-0.0295057	0.0111441	0.0657586	-0.00731061	0.0946952	-0.0122684	0.00186082	0.100079	-0.048016	-0.0213639	-0.0221586	-0.0378982	-0.0410513	-0.038407	0.0415657	0.0178829	-0.0139238	0.0437506	-0.0643136	-0.0574219	-0.0660443	0.00103685	0.00315234	-0.0555509	-0.0582069	-0.03211	0.17208	-0.0409478	0.0237971	-0.0248019	-0.0213485	0.0649371	0.00711763	0.0382874	0.138915	0.00734981	0.0164986	-0.0338657	0.00132852	-0.0159299	-0.0296619	-0.0466242	-0.0327854	-0.0227655	0.00697916	-0.0427938	0.00408912	-0.055885	0.0704381	-0.00800499	0.0136931	-0.0441758	-0.0475521	-0.0387771	-0.0232132	0.0137229	-0.00926927	-0.0382889	-0.0194527	-0.0102496	0.0334315	-0.0141752	-0.0306394	-0.0320466	-0.0273278	-0.0363975
0.134687	-0.0693608	-0.0327725	-0.0217933	-0.0879543	1	0.565405	-0.0479773	-0.084468	-0.0273528	0.543538	-0.0804459	-0.122497	-0.0252399	-0.0364681	0.101866	0.263322	-0.0965034	0.140397	-0.0381614	0.250225	0.0607122	0.00799405	-0.0369223	-0.072088	0.0809604	-0.109836	0.0252065	-0.0435819	-0.0082293	-0.0599266	-0.0562884	-0.0162372	-0.0449448	0.0213823	-0.09952	-0.0346746	-0.0361231	-0.0298418	-0.0302322	-0.104914	-0.0427444	-0.0713373	-0.0318855	-0.0682581	-0.0855263	-0.0523371	-0.0205491	0.0862245	-0.0633063	-0.0310293	-0.0591549	-0.0350049	-0.0677094	0.0367867	-0.0633283	0.136703	-0.0516158	-0.0318992	-0.0196679	-0.0159613	0.000315598	-0.046963	-0.0638103	-0.0362375	-0.0594162	-0.0369322	-0.0281196	-0.0234727	-0.0704104	-0.0343233	-0.0235771	-0.020289	-0.0244434	-0.117783	-0.0282335	-0.0288776	-0.0283837	-0.0764377	-0.103744	-0.0257209	-0.0529987	-0.0199931	0.0110045	-0.0602874	-0.0368414	-0.0401801	-0.00970759	-0.0351116	0.314379	0.0804745	-0.019245	-0.0130413	-0.0488842	0.00242943	-0.022017	-0.0110466	-0.0169736	0.0338395	-0.003107	-0.0503126	-0.0195402	-0.0334934	-0.0214929	-0.0418652	-0.0632611	-0.0410925	-0.0116199	0.0442649	-0.0157638	0.0206972	0.126738	-0.0392691	-0.0372504	-0.029135	-0.0785511	0.0124381	-0.0417969	0.0607302	-0.0113006	-0.0260501	-0.0417455	-0.00764137	-0.0112813	0.0912195	0.0167672	-0.0152418	-0.00849435	-0.000204234	-0.0308359	0.0138341	0.10746	-0.0193611	-0.0258836	-0.0544161	0.0105268	0.00292759	0.00757879	-0.0251133	-0.0532104	-0.0214696	0.0339739	0.0435585	-0.0682632	-0.0250093	-0.0209223	0.0135581	-0.0546155	0.0232471	-0.0196165	0.0222865	-0.0406761	0.0182474	0.00612422	0.00197043	-0.0361218	-0.0238224	0.0161847	-0.0224113	-0.0311737
0.774792	0.691714	-0.0708902	-0.0477254	0.653764	0.565405	1	0.539083	-0.146094	-0.0436407	0.302981	-0.137588	0.320305	-0.0506942	-0.0572621	0.401899	0.631133	0.400743	0.118526	-0.0646667	0.102328	-0.172335	0.385455	-0.0742157	0.609107	-0.0110483	0.112627	-0.010852	0.0245743	-0.0189817	-0.0552799	-0.0544302	-0.0346807	-0.0525216	-0.0178704	-0.11723	-0.0794135	-0.0756729	-0.0760192	-0.0386692	-0.0790995	-0.0665045	-0.0371683	-0.0485249	-0.0278624	-0.0556471	-0.0738137	0.0467707	0.0955246	-0.0831371	-0.0558191	-0.0210878	-0.00125124	-0.04416	0.0137071	-0.0390628	0.102254	-0.0518296	-0.0150598	-0.0365654	-0.0314601	-0.029546	-0.0347386	0.0316876	-0.0769818	-0.0519569	-0.0114324	0.134039	-0.0121206	-0.0465213	-0.0420306	-0.0359873	-0.0545232	-0.0452919	-0.0622294	-0.0525208	-0.0489842	0.000188067	-0.103208	-0.109254	0.0182935	0.0145976	-0.0387297	-0.0256105	-0.0950496	-0.0554507	-0.0585379	-0.000270089	0.0560532	0.17756	0.0349659	-0.023347	0.024745	-0.0698926	-0.0261592	-0.00424833	0.0659153	-0.0130122	0.109078	-0.0155159	-0.0711493	0.081598	-0.0557061	-0.026053	-0.0581567	-0.100121	-0.0555691	-0.0327226	0.096095	-0.0331279	0.0146099	0.109947	-0.0703203	-0.070492	-0.0644771	-0.0396969	0.0189287	-0.0778274	-0.0209541	-0.0410687	0.159245	-0.0770092	0.00604148	-0.0413164	0.0338174	0.0604424	-0.00738384	0.0417978	0.138321	-0.0252653	0.0224799	0.022343	-0.00139584	-0.0351369	-0.0579294	-0.0245239	-0.0233583	-0.0225123	-0.0402435	-0.0536288	-0.0294158	-0.0132132	0.0856396	-0.0354215	-0.0371443	-0.0408302	-0.0466427	-0.0533598	0.0168442	0.00293983	0.0219217	-0.0541103	-0.00948945	-0.00319091	-0.00831711	-0.0610491	-0.0502688	-0.0122165	-0.024365	-0.0424331
0.543499	0.714886	-0.0366896	-0.0349244	0.594631	-0.0479773	0.539083	1	-0.0747228	-0.0263839	-0.0442038	-0.0728794	0.370987	-0.0244709	-0.0262337	0.309095	0.41211	0.431969	-0.0315983	-0.033636	-0.0518669	-0.160862	0.364502	-0.0389681	0.630549	-0.0609262	0.230752	-0.0155466	-0.0423732	-0.0200053	-0.0311837	-0.0665192	-0.0128005	-0.0105185	-0.0195446	-0.0954941	-0.0435699	-0.0328563	-0.0423794	-0.0356893	-0.0247091	-0.0322252	0.0611992	-0.0119649	0.0259262	-0.0584165	-0.054885	-0.0559937	0.152911	-0.0202471	-0.0355009	-0.0518085	-0.0451762	-0.0664829	-0.0176796	-0.019996	0.134475	0.0170052	-0.0559579	-0.0230081	-0.0133347	-0.0269598	-0.0595726	0.0227269	-0.0408218	-0.0542856	0.0586442	-0.021751	0.0352487	-0.0396257	-0.0132511	-0.0312696	-0.0326569	-0.0293528	-0.0795765	-0.0234923	-0.0231943	-0.0289321	-0.104438	-0.117819	-0.0298936	-0.0107783	-0.0131829	-0.0235592	-0.0540888	-0.0253283	-0.0204215	0.0384654	0.0445197	-0.00506885	-0.0379014	-0.0328192	0.0360979	-0.0368811	-0.0193489	0.0323456	0.0289965	0.00070525	0.0874605	-0.0133474	-0.0341084	0.175059	-0.0296977	-0.0192998	-0.023723	-0.0583319	-0.0272538	-0.0259289	0.0770621	-0.0241862	-0.00532239	0.0893241	-0.0473352	-0.0383208	-0.0487872	-0.0460289	0.0170406	-0.0408008	-0.0694387	-0.0308637	0.316187	-0.046199	0.0756448	-0.0297526	-0.0347939	0.120277	0.00276487	0.016624	0.230682	0.0499893	0.0760402	-0.0334795	0.0638061	-0.0406712	-0.0606435	-0.0261287	-0.0330181	-0.0298473	-0.016692	-0.0536434	-0.0104834	-0.017651	0.102212	-0.0339216	-0.0126254	-0.014481	-0.0542816	-0.0604459	0.00558747	-0.0221543	0.000662979	-0.0664133	-0.0203985	-0.0183295	0.0119374	-0.0493124	-0.0370375	-0.0402551	-0.0402389	-0.017462
-0.147225	-0.113737	-0.0577582	-0.0474346	-0.129565	-0.084468	-0.146094	-0.0747228	1	-0.0332711	0.0768911	0.875917	0.553838	0.288028	-0.0552688	0.536649	-0.074217	-0.146403	-0.047866	-0.0391021	0.0964733	-0.302205	-0.0813399	-0.071103	-0.0920625	0.0023113	0.185804	-0.0435367	-0.0479662	0.196418	-0.0744282	0.22631	-0.0357062	-0.0558725	-0.047293	0.113409	0.094968	-0.0485073	0.354509	-0.0340584	0.114105	-0.0348742	-0.0863123	-0.0321241	0.128344	-0.0981713	-0.0840793	0.107554	0.0084202	0.107188	0.226635	0.172687	0.18625	-0.0543386	-0.0392523	0.0949176	-0.0422234	-0.0534065	0.0971046	-0.038502	-0.0335872	-0.0496628	0.270502	-0.0292602	-0.00599693	0.207527	-0.0398311	-0.0136185	-0.00990282	-0.0592617	0.000126381	0.17488	-0.0588692	-0.0233751	0.0773787	-0.0310956	-0.0381281	0.0021307	-0.0845472	-0.0853664	0.0339587	0.107223	-0.0305211	-0.0267495	0.128086	0.00382709	-0.0168218	-0.0636295	0.0256292	-0.0263291	0.00423342	-0.00393912	-0.0574502	0.117474	-0.0210192	-0.0299068	0.0474573	-0.0251137	0.0352647	-0.0346659	-0.0265599	-0.00768845	-0.040633	0.0766981	0.00120909	0.0691904	0.175719	-0.0251074	0.0716135	-0.00695652	-0.047102	-0.0212459	0.027143	-0.0441658	0.0131467	-0.00448625	-0.00459959	-0.0274345	-0.0125023	-0.0251666	-0.0113796	-0.0309775	-0.0122921	-0.023589	0.0178819	0.0158821	0.102836	0.0209098	-0.000338392	-0.0206906	0.0262429	0.0121928	0.0247718	-0.0321292	-0.00639715	-0.00691012	-0.014495	-0.0430479	-0.0185378	0.0168681	-0.0276399	-0.0352984	0.0174443	0.0019894	-0.019769	-0.0432634	0.0790454	-0.0287811	-0.0344015	-0.00111102	0.000423988	0.00626091	0.000832097	-0.0468365	-0.0301195	-0.0195418	-0.0236488	0.00517507	0.0241315	-0.00113861
-0.0433903	-0.0396958	-0.0204916	-0.0179896	-0.0354735	-0.0273528	-0.0436407	-0.0263839	-0.0332711	1	-0.0178865	-0.030714	-0.0589086	-0.0138164	-0.0281059	-0.067137	-0.0524975	-0.0468176	-0.0227808	-0.0228269	-0.0171895	0.125682	-0.0677971	0.502738	-0.0350727	0.023041	-0.074942	-0.012757	-0.0137134	-0.00817776	0.329672	-0.0193333	-0.0117726	-0.0247595	-0.00386716	0.127844	-0.0224576	-0.0194952	-0.018488	-0.0203086	0.119993	-0.0235997	0.216261	0.424183	0.134616	-0.0118588	-0.02709	-0.0133818	-0.0623814	0.179056	-0.0128337	0.130366	-0.0154098	-0.0164471	-0.00291796	0.187435	-0.0754326	0.267906	0.173416	-0.00738201	-0.00417455	0.235527	-0.0147346	-0.0375035	-0.0294146	0.162871	-0.0209931	-0.00876411	0.0045145	-0.00768301	-0.00654182	-0.00795843	0.221025	-0.0213145	0.0712907	0.221629	-0.00684676	-0.0366492	-0.00837963	0.018018	-0.0310687	-0.0312662	-0.013907	-0.0120766	-0.0103363	-0.0264708	-0.0282634	0.0673101	-0.0264104	-0.00775958	-0.0320595	-0.00391055	0.0620461	-0.00801412	-0.0107994	-0.0108569	-0.00971394	-0.00770736	-0.0323511	-0.0175762	-0.0308864	0.0119087	-0.0255211	-0.00297081	-0.0265855	-0.0371129	-0.0132327	0.00413796	-0.000185372	-0.0325643	-0.0101958	-0.0141838	-0.0231261	-0.0141521	-0.0317239	0.0448317	-0.00546064	-0.00665638	-0.0568916	0.0099569	-0.0260047	-0.0414625	-0.0429442	-0.0195084	-0.0307944	-0.0144227	-0.000799194	-0.00636819	-0.0116942	-0.0489821	-0.0118863	-0.0209591	-0.0193328	-0.0146021	0.041028	-0.000217074	-0.0240338	0.000618336	-0.0181025	0.0116835	-0.00785205	-0.0142282	-0.00833121	0.0261158	-0.0192586	-0.00639742	-0.00877101	0.0427315	-0.0213975	0.0398246	-0.0210476	0.0290376	-0.018871	0.0248957	-0.00114825	-0.00761042	-0.00551459	-0.0127268	0.00254486	0.0221966
0.0731922	-0.0521773	-0.0102018	-0.0164836	-0.047601	0.543538	0.302981	-0.0442038	0.0768911	-0.0178865	1	-0.0769469	-0.108575	-0.0349161	-0.0280769	0.306068	0.402577	-0.0852617	0.209434	-0.0301777	0.607723	-0.145275	0.196905	-0.0330379	-0.0614725	0.289344	-0.110693	-0.0176651	-0.0288597	-0.00230255	-0.0506971	-0.0500768	-0.0164411	-0.0403788	-0.0160372	-0.0818375	-0.0368354	-0.030707	-0.0307755	-0.014751	-0.0832279	-0.0348838	-0.0626072	-0.0192256	-0.0523634	-0.0630032	-0.0410221	0.0597418	0.138605	-0.0639762	-0.0465485	-0.000621071	0.109823	-0.0453907	-0.0172649	0.0506365	0.0607265	-0.0384052	-0.0562003	-0.0108434	-0.0114794	-0.0235518	0.0496064	-0.0497942	-0.020524	0.0333334	-0.0358383	-0.0197991	-0.0116674	-0.0519393	-0.0192657	-0.0386492	-0.0338599	-0.0149899	-0.0229421	-0.0197294	-0.0298559	-0.0518561	-0.0375131	-0.0798592	-0.0343554	0.00717164	-0.022342	-0.000608725	0.0348367	-0.0336397	-0.0399754	0.0387275	-0.039295	-0.0258	-0.0332284	-0.0301051	0.0378247	0.0729591	-0.0142274	-0.030002	0.00424029	-0.020509	-0.0497409	0.00303389	-0.0477343	-0.0193736	-0.0224023	-0.0125279	-0.0369092	0.0166559	0.106685	-0.0061398	0.0419393	-0.00700108	0.00305318	0.0239301	0.0232095	-0.0332593	0.0025179	-0.038525	-0.0161943	-0.0343648	0.00759721	0.0078893	0.0222816	-0.0357058	0.0152701	-0.00574915	0.0257867	0.0364905	-0.0143159	0.0053874	0.0381911	0.0234079	0.0445419	0.0274576	0.00210765	0.00625352	-0.00302611	0.0250488	0.0593705	0.0407164	-0.0137195	0.0135389	-0.0160753	0.0580559	-0.0438938	-0.00995974	-0.0136803	-0.0155122	0.0397375	0.0313482	0.0609273	-0.0135475	0.0604117	-0.0043952	0.0462784	-0.00865964	0.000624256	0.00437317	-0.0173813	0.0349695	-0.00326953	-0.0262564
-0.136122	-0.106257	-0.0539625	-0.0442054	-0.121196	-0.0804459	-0.137588	-0.0728794	0.875917	-0.030714	-0.0769469	1	0.656058	0.400179	-0.0528999	0.555956	-0.156864	-0.145249	-0.0577812	-0.0323791	-0.0705585	-0.302183	-0.162251	-0.0701153	-0.092531	-0.0977061	0.247584	-0.0419246	-0.0478644	0.188282	-0.0608713	0.281553	-0.0332647	-0.0495719	-0.0412197	0.170456	0.107009	-0.0455964	0.423519	-0.0268484	0.166918	-0.0279044	-0.0723471	-0.0233001	0.18092	-0.0937951	-0.0780607	0.0524748	0.036917	0.122552	0.237712	0.145048	0.118066	-0.0510509	-0.0394858	0.0457001	-0.0260367	-0.0537877	0.106782	-0.0342662	-0.0325828	-0.0494353	0.230035	-0.0244684	0.00238737	0.16655	-0.0338966	-0.0202427	-0.00541596	-0.0505702	0.00324578	0.185209	-0.0636161	-0.0245878	0.0566829	-0.0407125	-0.0325397	0.0191538	-0.0762178	-0.0687601	0.0456044	0.0873065	-0.0409594	-0.0200868	0.0766986	-0.00643512	-0.0265697	-0.0537937	0.0351442	-0.0249867	0.0234345	0.0109214	-0.0486805	0.0578344	-0.0188831	-0.0231211	0.0113077	-0.0235032	0.049004	-0.0380244	-0.0335626	-0.00859926	-0.0310118	0.084781	-0.00284994	0.0258579	0.104216	-0.026742	0.059595	-0.0213489	-0.0416085	-0.00385767	0.00335498	-0.0467242	-0.00191574	0.00184665	-0.00230427	-0.0289913	-0.0188684	-0.019145	-0.0345362	-0.0316811	-0.0107132	-0.036926	0.011571	0.0175916	0.117887	0.0218327	-0.0152202	-0.0229583	0.0288427	0.00660268	-0.00633912	-0.0314679	-0.0228707	-0.0196175	-0.0191693	-0.0511715	-0.024002	0.00570849	-0.0213101	-0.0427058	0.0328393	-0.00600127	-0.0224367	-0.0408382	0.0725566	-0.0384613	-0.0390688	-0.000583334	-0.00356154	-0.00848142	-0.0125693	-0.0443096	-0.0389718	-0.0207107	-0.0201213	0.0124088	0.0333641	0.00580606
0.513544	0.420942	0.292708	-0.066944	0.577317	-0.122497	0.320305	0.370987	0.553838	-0.0589086	-0.108575	0.656058	1	0.265069	-0.0825769	0.85003	0.433687	0.472357	-0.0903914	-0.0596419	-0.109047	-0.464546	0.365215	-0.109518	0.524683	-0.145452	0.443976	0.128435	-0.00682686	0.119419	-0.0469941	0.163339	-0.0443797	-0.0679905	0.139818	0.0575155	0.0168596	-0.0864244	0.247533	-0.0474927	0.0969053	-0.0571715	-0.034428	0.0241903	0.159014	-0.0853049	-0.115099	0.108186	0.0465633	0.0696277	0.142959	0.149798	0.0401173	-0.0482363	0.084159	0.0115265	-0.00659927	-0.0238728	0.155608	-0.0517179	-0.0522436	0.0445465	0.115901	0.0183633	-0.0491595	0.0828971	-0.00573509	0.109664	-0.0395835	-0.0421311	-0.0190384	0.117515	-0.00273462	-0.0508651	0.0193465	-0.0149086	-0.0608531	0.0162071	-0.117706	-0.0952444	0.0555792	0.0622072	-0.0178523	0.0408243	0.0123025	-0.00900472	0.012867	-0.0486958	0.0949473	-0.0385862	-0.00495625	0.00224369	-0.0204551	-0.00407717	-0.0350291	0.00893349	0.0014099	-0.0200193	0.102653	-0.0433592	-0.0141663	0.0815924	-0.0652651	0.0480953	-0.012414	-0.000200827	0.0457615	-0.0553993	0.070044	-0.00388102	-0.0429633	0.0324441	-0.0581077	-0.0699649	-0.0604016	0.00980704	-0.0232267	-0.0572114	-0.0695902	-0.0398784	0.128463	-0.0553754	0.00914339	-0.0438488	-0.0209298	0.0600629	0.0810886	0.00175495	0.109173	0.00397567	0.047351	-0.0132444	0.0112258	-0.0466945	-0.0206513	-0.0429971	-0.068661	-0.0552659	-0.0134756	-0.0356345	-0.0120626	-0.0698173	0.090929	-0.00954573	-0.00808705	-0.0651168	0.0176408	-0.0587905	-0.0593763	0.00567596	-0.0252082	-0.0159469	-0.0165452	-0.0462763	-0.00638503	-0.025219	-0.0292771	-0.0110811	0.0116901	-0.0201094
-0.0514565	-0.0392262	-0.0182642	-0.019173	-0.0460354	-0.0252399	-0.0506942	-0.0244709	0.288028	-0.0138164	-0.0349161	0.400179	0.265069	1	-0.0291806	0.222901	-0.0613797	-0.0571924	-0.0293011	-0.0145928	-0.0280515	-0.112651	-0.0616558	-0.021964	-0.0313247	-0.0471571	0.161494	-0.0142034	-0.0143743	-0.00746254	-0.0213672	0.254668	-0.0165754	-0.0134439	-0.00898261	0.193558	0.0425149	-0.0138024	0.347225	-0.00762694	0.186087	-0.00864131	-0.0299783	0.003747	0.213842	-0.0428679	-0.0302785	-0.0420797	0.139253	0.0123072	0.0286495	-0.0127403	-0.0245697	-0.0373147	-0.0183624	-0.0259358	0.0605221	-0.0111352	0.00308093	-0.00922903	-0.0170482	-0.0200745	0.00827443	-0.0202303	-0.0387908	0.00370045	-0.00660708	-0.0136609	-0.00636408	-0.0253034	0.0353801	0.0351613	-0.0230088	-0.0030447	-0.0362343	-0.00155222	-0.0218276	-0.00760531	-0.0483318	-0.0500891	0.0112152	-0.0442287	-0.00513136	-0.0115329	-0.0350541	-0.018306	-0.0260437	-0.0121746	-0.0277152	0.00476719	0.0526618	-0.00772775	-0.0121852	-0.0281122	-0.0226755	-0.0071171	-0.0299412	-0.0123204	0.0306351	-0.0222417	-0.0299298	-0.0144173	-0.0169503	-0.00950895	-0.0144711	-0.0253002	-0.0143768	-0.0233307	0.0385111	-0.0306609	-0.00668112	0.0607473	-0.0490275	-0.0145306	-0.0524694	-0.0153219	-0.00286467	-0.017601	-0.0607518	-0.0183384	-0.010107	-0.0308153	0.0543678	-0.0125386	-0.04898	0.0818516	0.0715264	-0.0334678	-0.0082139	0.0512229	0.0953349	-0.0286281	-0.0202658	-0.0484267	-0.0389688	-0.000108246	-0.0272006	-0.0342857	-0.0153406	-0.029517	-0.0107694	-0.0284154	0.0733459	-0.0409926	-0.0117005	-0.0310108	0.0374169	-0.0704466	-0.0246445	-0.0159957	-0.00681981	-0.0386083	-0.00784331	-0.0109663	-0.0177228	-0.0157249	-0.0122393	-0.00887995	0.0208925	-0.0114362
-0.0573284	-0.0388823	-0.0269153	-0.021439	-0.0504248	-0.0364681	-0.0572621	-0.0262337	-0.0552688	-0.0281059	-0.0280769	-0.0528999	-0.0825769	-0.0291806	1	-0.100323	-0.0781262	-0.0637212	-0.0218959	-0.0318002	-0.0296276	0.167584	0.230071	-0.0428698	-0.0458409	0.316007	0.154185	-0.0182842	-0.0295785	-0.0170584	-0.0384281	-0.0311693	-0.027238	-0.0195879	-0.0205536	-0.0644912	0.000890605	-0.0337029	0.00105981	-0.0239765	-0.065699	-0.0195278	-0.0503235	-0.00635983	-0.0446703	0.178981	-0.0437057	-0.0535555	-0.0459336	-0.00722989	0.00552129	-0.0409631	-0.0364844	0.172323	-0.0309185	-0.0324584	-0.0822417	-0.00831488	-0.019739	-0.0175536	-0.0261944	-0.0344218	-0.0244036	0.229931	-0.0368297	-0.0307636	0.00600674	0.00432812	0.000177311	0.177044	-0.00848783	0.00293962	-0.0350993	-0.00868543	0.108944	-0.00988479	0.0463876	-0.00443782	0.0976586	0.0867664	-0.000803285	-0.014767	-0.00177007	0.00398361	0.0324196	0.0468727	0.0225782	0.0499076	-0.0174193	-0.0180846	-0.0526318	-0.0113486	0.0509239	0.00426056	-0.0170934	-0.00818394	-0.0133092	-0.0162632	0.0440678	-0.0182925	-0.00274676	-0.0158291	-0.02041	0.0032574	-0.00672214	0.00578608	-0.0148217	-0.0150556	0.0265181	-0.0262978	0.00120973	-0.0415343	0.00384303	0.0311483	-0.00442103	0.0448059	0.00122752	0.0396046	-0.020233	-0.0121986	0.00322798	0.0201417	-0.0168605	0.0334578	-0.039752	-0.0325242	-0.00247407	-0.0245112	-0.0197812	-0.0259868	-0.0413224	-0.0304466	-0.0235459	-0.0132463	-0.0114614	-0.00703343	0.0234642	-0.00632319	0.017484	0.030553	0.0394026	-0.0105219	-0.0226122	-0.0197562	0.0186762	-0.00214358	0.0447786	-0.0220685	-0.0251894	-0.0310748	-0.0195991	-0.0150844	-0.012327	-0.008349	-0.00617386	-0.0112793	0.000200076	-0.00207836	0.0426085	0.0254652
0.48336	0.348073	0.256027	-0.0748421	0.494628	0.101866	0.401899	0.309095	0.536649	-0.067137	0.306068	0.555956	0.85003	0.222901	-0.100323	1	0.553612	0.378186	-0.00155453	-0.0703444	0.155595	-0.544576	0.402512	-0.126371	0.443209	-0.0277639	0.352315	0.103237	-0.0317171	0.107651	-0.0728376	0.171465	-0.0536246	-0.0676079	0.117809	0.0373532	-0.0126003	-0.104942	0.208444	-0.06378	0.0736634	-0.0725612	-0.0708584	0.00552042	0.113159	-0.121729	-0.110419	0.127005	0.107731	0.0289824	0.108556	0.133152	0.0940225	-0.0776769	0.0622634	0.0340909	0.0265108	-0.0457451	0.108115	-0.0574838	-0.0650758	0.0210684	0.131772	-0.0242274	-0.0630244	0.0944161	-0.0245562	0.0910758	-0.0506967	-0.0685129	-0.00554864	0.0898024	-0.0245108	-0.046781	0.00071976	-0.028726	-0.0778349	-0.00173164	-0.126975	-0.122257	0.0559781	0.0767245	-0.032853	0.0315994	0.0239323	-0.0355647	-0.0211459	-0.0417795	0.0873722	-0.0504322	-0.0118453	-0.02041	-0.016445	0.0380224	-0.0498696	-0.00875387	0.0168022	0.0134161	0.0759381	-0.0417802	-0.0125194	0.0591193	-0.0677609	0.033421	0.00354469	0.0267927	0.101642	-0.0614878	0.0924955	-0.00669264	-0.0394953	0.0334056	-0.0499778	-0.093398	-0.0653168	0.00554607	-0.0393749	-0.0833149	-0.0704543	-0.03682	0.122825	-0.0758067	0.00769812	-0.0520187	-0.0121579	0.0701639	0.0685022	0.0122243	0.110996	0.012742	0.0689875	-0.00863553	0.0389669	-0.0441724	-0.0303271	-0.0200597	-0.0220166	-0.0186411	-0.0206908	-0.0362101	-0.0254093	-0.0172439	0.0588099	-0.0293535	-0.0165815	-0.0377618	0.0333805	-0.0419656	-0.0355932	-0.00575583	0.00376908	-0.0299236	0.00688564	-0.0475098	0.00230957	-0.0129241	-0.0220872	0.00114891	0.00475883	-0.0274014
0.696336	0.486486	0.346638	-0.0515474	0.672707	0.263322	0.631133	0.41211	-0.074217	-0.0524975	0.402577	-0.156864	0.433687	-0.0613797	-0.0781262	0.553612	1	0.53821	0.0187454	-0.0605408	0.407041	-0.282701	0.669127	-0.0902335	0.569566	0.146073	0.240852	0.21327	0.00496531	-0.0156714	-0.0445186	-0.103198	-0.0407314	-0.0715425	0.218878	-0.121163	-0.0969255	-0.088428	-0.104639	0.0680321	-0.0780646	-0.062327	0.0171842	0.00717735	0.001307	-0.0923899	-0.0983064	0.162026	0.115837	-0.0742902	-0.0718738	0.0704369	0.0649828	-0.0726166	0.141175	0.0372614	0.0681496	-0.0125526	0.0482341	-0.0399866	-0.0460305	0.0907487	-0.000337681	-0.0143156	-0.076827	-0.00166254	-0.00719982	0.116017	-0.0570935	-0.0720903	-0.0473671	-0.0545942	0.0915698	0.0794262	-0.0917815	0.00619149	-0.0523603	-0.0386826	-0.102599	-0.113974	-0.00611291	-0.0213489	-0.00270517	0.0517955	-0.0387771	-0.0343732	0.0028276	-0.0162569	0.0364891	0.0628811	0.00513732	-0.0298275	0.00697753	-0.00828862	-0.0346475	0.00583274	-0.0156695	-0.0220047	0.0324763	0.144954	-0.0223913	0.0762399	-0.0645526	-0.0325248	-0.0409922	-0.0274386	0.0178163	-0.0479921	0.0236073	0.00637022	-0.00547895	0.0877475	-0.0710439	-0.0538572	-0.0852897	-0.0218328	0.0449902	-0.0556119	-0.0532633	-0.0292089	0.170846	-0.0472578	0.0430412	-0.034157	-0.0223999	0.0840415	-0.0257134	-0.025288	0.142415	0.00901539	0.0326938	-0.00235	0.0180026	-0.0522704	-0.0148375	-0.017994	-0.0233232	-0.00152179	0.00633677	-0.0334602	0.0250347	-0.025481	0.0447239	-0.0363946	0.00890066	-0.0583361	-0.00163187	-0.0423925	-0.0232482	-0.0036378	-0.00650288	-0.0165209	0.021079	0.00968482	0.0151927	0.00056546	-0.0076897	-0.0298548	-0.0165401	-0.0290504
0.606817	0.496979	0.335901	-0.0499523	0.668482	-0.0965034	0.400743	0.431969	-0.146403	-0.0468176	-0.0852617	-0.145249	0.472357	-0.0571924	-0.0637212	0.378186	0.53821	1	-0.0775121	-0.0486523	-0.0883013	-0.218997	0.53662	0.272583	0.649807	-0.114617	0.237066	0.177483	0.0779222	-0.0328165	-0.0143808	0.104145	-0.0118788	-0.0647113	0.170903	0.0724941	-0.0325106	0.000787164	-0.114712	-0.0302281	0.108594	-0.0450301	0.0105884	0.0430115	-0.0107984	-0.0567353	0.102828	0.0505935	-0.0210937	0.00941189	-0.0535484	0.0440372	-0.083171	-0.0622491	0.107317	0.000520493	-0.0486474	0.082035	0.106578	-0.0419689	0.232555	0.126783	-0.0977521	0.0150631	-0.0800449	-0.0310798	0.00969425	0.127483	-0.0673518	-0.0555831	-0.0344714	-0.038218	0.100974	-0.0407954	0.0134497	0.106437	-0.032053	-0.00907034	-0.0369606	0.00550453	0.0202482	-0.0255483	0.117599	0.0616669	-0.0229943	0.0643219	0.0869176	-0.00264524	0.0693818	-0.0374076	-0.044181	-0.0244304	0.0219925	-0.0674678	-0.0214986	0.0175987	-0.027651	-0.012365	0.0330724	-0.0184947	0.0756372	0.084653	-0.0406549	-0.0237896	0.0696875	0.0124237	-0.0554841	0.164482	-0.0200111	0.0169025	-0.00923379	0.0175096	-0.0821016	-0.0125144	-0.090673	0.0374113	-0.0385558	-0.0133014	-0.0745636	-0.0380675	0.179222	0.00134469	0.0383807	0.0591454	-0.0742232	0.04748	-0.0183747	-0.0374501	0.128267	0.0496242	0.0354594	-0.0515975	0.0187791	0.0107779	-0.0433124	-0.0522757	-0.0128946	0.0310596	0.00183896	-0.0762988	-0.00262086	0.0235893	0.0548285	-0.0493918	0.00531434	0.097073	-0.032545	-0.0260874	0.0132647	-0.00694306	-0.0442212	-0.0151057	-0.0245167	-0.0120138	0.0099272	-0.0203834	0.00410702	-0.0406984	-0.0380412	-0.0338277
0.0391136	0.0409903	-0.0284657	-0.0155212	0.0193214	0.140397	0.118526	-0.0315983	-0.047866	-0.0227808	0.209434	-0.0577812	-0.0903914	-0.0293011	-0.0218959	-0.00155453	0.0187454	-0.0775121	1	-0.0286557	-0.0458539	-0.147288	-0.09762	-0.0256834	-0.0502985	-0.0585022	-0.0248113	-0.00578888	-0.0342145	0.00903069	-0.0160186	0.0376394	0.019178	-0.0162738	-0.0324205	0.00390176	-0.0438637	0.0253331	0.0764159	-0.0294515	0.0211737	0.0210102	0.00525631	-0.0283221	0.0328691	-0.00282779	-0.0477308	0.037377	-0.00476448	0.0203196	0.0435423	0.0399177	0.072301	-0.00217781	-0.036387	0.0494979	-0.00233308	-0.00312929	-0.00410663	-0.0312061	-0.00629083	-0.0360197	0.0820503	-0.0281123	-0.0231864	0.0668738	0.0150094	-0.0107122	-0.0267955	0.0693288	0.224169	0.0418372	-0.0446432	-0.0328676	0.0744007	-0.0190698	-0.0063534	-0.0138097	0.0529957	0.0263632	-0.00387939	0.022422	-0.0297881	-0.0226493	-0.0421609	-0.0282867	-0.0305667	0.04744	-0.00717572	-0.0260821	-0.0148024	-0.0217233	0.0460758	-0.0194989	-0.0153582	-0.0207623	0.117809	-0.0089768	0.00588042	-0.00916814	-0.0307352	-0.0105201	-0.0236369	-0.0277906	-0.0315938	-0.0418538	-0.0218807	0.00329335	-0.00993934	-0.0333813	0.00606715	-0.0896561	0.0546246	-0.0329335	0.0324054	0.021536	-0.0237036	-0.0394343	0.0212865	0.0486346	-0.0247519	-0.0385199	-0.0610106	-0.0255464	0.0447364	-0.0470367	0.0430929	0.0848226	-0.0208034	-0.0522272	-0.0517217	0.00898522	-0.0385133	-0.00270398	-0.0211922	0.0203375	0.0859742	0.08744	0.00144457	-0.00886983	-0.0016127	0.0671195	-0.0554988	-0.00104743	0.00384857	-0.0198639	-0.0157198	0.0674558	0.0844549	0.053556	0.0831403	-0.0235018	0.0277329	0.00712874	0.0202109	0.0404243	-0.00383354	0.0394781	0.0150951	-0.0166037
-0.0576132	-0.0506259	-0.013429	-7.01541e-05	-0.0500818	-0.0381614	-0.0646667	-0.033636	-0.0391021	-0.0228269	-0.0301777	-0.0323791	-0.0596419	-0.0145928	-0.0318002	-0.0703444	-0.0605408	-0.0486523	-0.0286557	1	-0.0222664	0.146498	-0.0733778	-0.014442	-0.043955	-0.0415222	-0.0884333	-0.0235659	-0.0352403	-0.00172953	0.474548	-0.0313665	-0.019714	-0.0257071	-0.0264561	0.185355	-0.0309832	-0.0369001	-0.0191867	-0.000231062	0.178991	0.835379	0.344642	-0.0285878	0.216927	-0.0558589	-0.0480278	-0.0311774	-0.0506936	0.275999	-0.0222994	0.14082	-0.019751	-0.0402847	-0.0213042	0.219527	-0.0476275	0.317856	-0.0435378	-0.0152688	-0.0116086	-0.027378	-0.02964	0.240875	-0.028401	-0.0414801	0.578755	-0.00497869	0.00207126	0.138751	0.0230741	-0.0217665	-0.0186917	0.0115823	0.0624744	-0.0207179	-0.0291261	0.132489	-0.0425492	0.050817	0.0187282	-0.028925	-0.0206793	-0.0166123	-0.044823	-0.0272519	-0.03291	0.0762948	0.0350257	-0.0197781	-0.0736693	-0.0203863	0.0753836	-0.0257703	-0.00807477	0.480815	-0.0183681	-0.0122729	-0.0114608	-0.00685052	-0.0315911	0.0599694	-0.0264054	-0.00602914	-0.0275561	-0.0315065	-0.0112134	3.95112e-05	-0.0145326	-0.0432032	-0.00385975	0.0839982	-0.0548176	-0.0343207	0.0389412	-0.0298217	-0.0180355	-0.0356238	0.0333019	-0.0105411	-0.00757178	-0.036801	-0.0251579	-0.00831551	0.059526	-0.00685216	-0.00347594	-0.0109894	-0.0104327	-0.0178396	0.0241066	0.0635461	-0.0156541	-0.0599668	0.0161806	-0.0109737	0.0288575	0.0345882	-0.0222296	0.0148873	-0.0185137	0.061368	-0.0424562	0.00403504	-0.024762	-0.011085	-0.016641	0.0364717	0.0383664	-0.0131113	-0.0355291	0.0227894	-0.0158371	-0.0168098	-0.0138178	0.0300735	0.0266104	-0.00407344	-0.0135058	-0.0220181
0.000619542	-0.0709658	-0.0137497	-0.0263998	-0.0645097	0.250225	0.102328	-0.0518669	0.0964733	-0.0171895	0.607723	-0.0705585	-0.109047	-0.0280515	-0.0296276	0.155595	0.407041	-0.0883013	-0.0458539	-0.0222664	1	-0.163071	0.383024	-0.0424024	-0.0672714	0.516548	-0.00841267	-0.0181293	-0.0109689	-0.0148348	-0.048104	-0.0560727	-0.0179512	-0.0425318	-0.0157953	0.00139644	-0.0211611	-0.0201532	-0.0343563	0.246279	0.00134825	-0.0243535	0.0704857	-0.0271899	0.0134855	-0.0480487	-0.0373606	0.195434	0.0456773	-0.0561538	-0.0335797	0.103866	0.285476	-0.0371265	-0.0144382	0.176514	-0.0284371	-0.0395645	-0.0496768	-0.0215886	-0.0177442	-0.0229539	0.18322	-0.0566521	-0.0329115	0.147428	-0.0331296	-0.0153495	-0.0252265	-0.0401216	-0.0174127	-0.0334282	0.0829561	0.269232	-0.0164926	-0.0202737	-0.0093553	-0.0526516	0.0090784	-0.0363667	-0.039916	0.0132039	-0.00586096	-0.00428485	0.072605	-0.0220643	-0.032516	0.0346097	-0.0478126	-0.0222225	-0.0468253	-0.0312389	0.0342275	0.115346	-0.0119821	-0.019697	-0.0102462	-0.0319824	-0.0758055	-0.00993369	-0.0339294	-0.0206641	-0.0239085	-0.0186417	-0.0331353	0.0382243	0.14561	-0.00543952	0.0384792	0.00219543	-0.00760449	0.0130048	-0.00737663	-0.00583736	-0.0197359	0.000455042	-0.0326916	0.000283841	-0.00581784	-0.0107967	0.0138587	0.00754912	0.0230778	-0.00782266	-0.0177948	0.0175503	-0.0241684	-0.0137489	0.025144	0.0419039	0.0456796	-0.0146748	-0.00888299	0.0345668	0.0206716	0.0118164	0.0271341	0.00331339	0.0222879	0.0325072	0.0623846	-0.022807	-0.0449025	-0.00510906	0.0226209	-0.0191363	0.0670556	0.0258167	-0.0172267	0.00795651	0.00603197	0.00732835	0.0268006	-0.00860061	-0.017341	0.0178914	0.000485554	-0.0186526	-0.0175473	-0.0232227
-0.296086	-0.233088	-0.14518	0.095111	-0.292358	0.0607122	-0.172335	-0.160862	-0.302205	0.125682	-0.145275	-0.302183	-0.464546	-0.112651	0.167584	-0.544576	-0.282701	-0.218997	-0.147288	0.146498	-0.163071	1	-0.180477	0.254975	-0.259066	0.0914473	-0.120597	-0.033355	-0.164055	-0.0934881	0.062878	-0.133652	-0.00601829	0.111179	-0.0197132	-0.11503	-0.108041	-0.117483	-0.155815	0.0445153	-0.113539	0.131856	0.040356	-0.00534959	-0.10315	0.165781	-0.0548168	-0.130906	-0.0616177	-0.00100457	-0.132304	-0.110195	-0.148793	0.100164	0.0199718	-0.0397603	0.0417003	0.0919734	-0.0726504	0.117244	0.125504	0.0342019	-0.181582	0.123129	0.152938	-0.13339	0.0894492	-0.0854673	0.104382	0.0313732	-0.0538971	-0.112903	0.0300376	-0.0137472	-0.0975926	0.0627941	0.0752689	0.025243	0.0327241	0.0692559	-0.0892339	-0.093389	0.0341259	-0.0244019	-0.0233045	0.0386969	0.0187857	0.0434441	-0.0896633	0.101635	0.00375015	0.0824337	0.02596	-0.0163673	0.0180236	0.0659794	-0.0747438	-0.00434631	-0.0548752	0.0975719	0.00115821	-0.0259409	-0.00597252	-0.0691041	-0.0136507	-0.0523625	-0.0839864	0.104562	-0.0323055	-0.0778124	0.0700004	0.0633131	0.0359925	0.101459	0.0889192	-0.0833455	0.071907	0.0721002	0.0659725	0.00182474	-0.0956466	0.00869049	0.00178733	0.0704815	0.0473817	-0.0229389	-0.069812	-0.0772475	-0.0895191	-0.018004	-0.0216697	0.0724007	-0.0367203	-0.0105723	0.0628533	-0.00778182	-0.0308619	-0.015338	-0.0396476	0.0380053	-0.00261442	0.0274465	-0.0225906	-0.0056525	-0.035182	0.0503429	-0.0106448	0.00100089	-0.018673	-0.0637246	-0.0772872	0.0726819	-0.0106152	0.0574672	-0.0473775	-0.0154593	0.0161662	0.00796775	-0.00411789	0.0259737
0.539897	0.402985	0.300543	-0.066801	0.567514	0.00799405	0.385455	0.364502	-0.0813399	-0.0677971	0.196905	-0.162251	0.365215	-0.0616558	0.230071	0.402512	0.669127	0.53662	-0.09762	-0.0733778	0.383024	-0.180477	1	-0.114504	0.571423	0.543753	0.464396	0.147659	0.00320116	-0.0387307	-0.0610845	-0.0870452	-0.0468639	-0.0790154	0.154431	-0.115828	-0.103903	-0.0954895	-0.104762	0.0756156	-0.0770731	-0.0688249	0.00840446	0.0134449	-0.0058036	0.113405	-0.0976848	0.151003	-0.00898291	-0.0771152	-0.0700084	0.060775	0.0899564	0.11181	0.0842287	0.0472508	-0.0738496	-0.0244063	0.0184656	-0.0637453	-0.060922	0.0425284	0.0203935	0.0687194	-0.100749	0.00796493	-0.00368243	0.121657	-0.0646536	0.017714	-0.0431319	-0.0529263	0.0565975	0.0897166	-0.0335504	-0.0117054	0.0920583	0.0915221	-0.0486461	0.0180058	0.00818786	0.098321	-0.00337042	0.0476022	0.0344481	-0.0185435	0.0078584	0.0218031	0.0517408	-0.0392091	-0.0950143	-0.0465777	0.0493135	0.0668672	-0.0450981	0.00526996	-0.00367919	0.0328631	0.0452588	-0.0298738	0.012721	0.0857567	-0.0754513	-0.0119005	-0.00897088	-0.00401675	0.0184484	-0.0547644	0.0662265	-0.0245618	0.112484	0.00875278	-0.0272172	-0.000634525	-0.0468374	0.0120323	-0.040319	-0.0575941	-0.0444354	-0.0416696	0.181758	-0.0513517	0.0312461	-0.0402685	-0.0443398	0.0373646	-0.046066	-0.0162219	0.12967	0.0424584	0.0290904	-0.0342396	0.0115698	-0.0182766	-0.0419833	0.00983385	-0.028701	-0.0124925	0.0196821	-0.0538115	0.0342453	-0.0451118	0.0784082	-0.0582227	0.0236744	-0.0562853	-0.00217956	-0.0708486	-0.0457313	-0.0106251	-0.0252448	-0.0267964	0.0123248	-0.0103864	0.00893675	0.00668827	0.00319297	-0.0282305	-0.0126536	-0.0243294
