1	-0.0217933	-0.0487549	-0.0347259	-0.0474346	-0.0179896	-0.0472826	-0.018608	-0.0650963	-0.021439	-0.0441088	-0.0406874	-0.0499523	-0.0186694	-0.0155212	-0.025335	-0.0152017	-0.0263998	-0.0521382	0.095111	-0.046231	-0.066801	-0.0157492	0.10926	-0.0110742	-0.0312571	-0.0104842	-0.0263059	-0.00816518	-0.0231783	0.000733609	-0.0220956	-0.0385231	-0.0086685	-0.00996845	-0.0158873	-0.0295065	-0.00299571	-0.0297442	-0.0294914	-0.0366533	-0.0734735	-0.0260798	0.0135916	-0.0207653	-0.0149462	-0.0602978	-0.0286457	-0.0206491	-0.0347721	-0.0205324	-0.0185461	-0.02178	0.08019	-0.0399705	-0.0218907	-0.031721	0.583824	-0.0170718	-0.029131	-0.0286903	0.308868	-0.00048442	-0.00782469	-0.0258791	-0.0438923	-0.0403647	-0.0378324	0.00763496	-0.0425333	-0.0288973	-0.0251922	-0.00792734	-0.0650892	-0.021105	-0.0304862	-0.0159248	0.103052	0.0799234	0.00307793	-0.0348139	-0.012668	-0.0147653	-0.0370545	-0.0199648	0.0785974	-0.0462203	-0.0272957	-0.00252692	-0.0219462	-0.0287514	-0.00617639	-0.0168004	0.00790095	0.00172403	-0.00217875	0.0908737	-0.0204564	0.0146241	-0.0105821	-0.0293657	-0.0205824	-0.0134893	-0.0224955	-0.0146346	-0.0719329	-0.0126198	-0.0381834	0.069761	0.140415	-0.0179279	-0.0363539	0.055443	-0.0330857	0.00821155	-0.0246654	0.0610687	-0.0372795	-0.00618106	-0.031294	-0.010692	-0.0140766	-0.0129855	-0.0212218	-0.0382626	-0.019658	-0.028907	-0.00942267	-0.0260182	0.0723464	-0.0115179	-0.0350039	0.0776985	0.0179326	-0.0188883	-0.0202811	-0.065931	-0.00916314	-0.0381627	-0.0367922	-0.0455173	0.043275	0.113061	-0.0206132	0.0119702	-0.0105568	-0.0221738	0.107522	-0.0108906	-0.00920527	-0.00447755	-0.0213034	-0.0234237	-0.0214641	-0.0542022	-0.020768
-0.0217933	1	0.508134	-0.0476351	-0.084468	-0.0273528	-0.0892062	0.525609	-0.12315	-0.0364681	-0.084526	-0.0774094	-0.0965034	-0.0189282	0.140397	0.25252	-0.0337292	0.250225	0.0586556	0.0607122	0.123395	0.00799405	-0.0369223	-0.109836	0.0252065	-0.0615049	-0.0082293	-0.0599266	-0.0336891	-0.0449448	-0.0170985	-0.0346746	-0.0859791	-0.0361231	-0.0298418	-0.0302322	-0.104914	-0.0427444	-0.0713373	-0.0318855	-0.0682581	-0.0855263	-0.0124417	-0.0523371	-0.0347327	0.0253954	0.0862245	-0.0633063	-0.0324224	-0.0405686	0.0530109	-0.0525345	0.0167741	0.136703	-0.0318992	-0.0365693	-0.0144717	-0.0194145	-0.0159613	-0.046963	-0.0638103	-0.0362375	-0.0369322	-0.0281196	-0.0234727	-0.0444657	-0.0704104	-0.0582786	-0.0343233	-0.0350335	-0.0533428	-0.020289	-0.0237544	-0.117783	-0.0282335	-0.0288776	-0.0283837	-0.0764377	-0.103744	-0.0257209	-0.0529987	-0.0199931	0.0110045	-0.0602874	-0.0401801	-0.0101044	0.0784886	-0.0345204	0.314379	-0.019245	-0.0488842	0.00242943	-0.0630931	-0.022017	-0.0110466	-0.0169736	0.00666185	-0.003107	-0.0195402	-0.0334934	-0.021117	-0.0418652	-0.0399151	-0.0116199	-0.0529483	0.0442649	-0.0157638	0.120162	-0.0392691	-0.0372504	0.0124381	0.0302425	0.0541503	0.0598503	-0.0113006	-0.0260501	-0.0763573	-0.00764137	-0.0112813	-0.0152418	0.105303	0.0604845	-0.017516	-0.000204234	-0.0308359	0.0174519	0.016121	-0.0339734	-0.0193611	-0.0258836	0.0105268	0.0021712	-0.0532104	-0.0214696	0.0339739	0.00698333	0.0435585	-0.0209223	0.0148668	0.0135581	0.0607609	-0.0455884	-0.0615825	0.0268341	-0.0211972	-0.0196165	0.0222865	-0.0406761	0.0182474	0.00612422	0.00197043	0.0132871	-0.0238224	-0.0356351	-0.0351294	-0.0311737
-0.0487549	0.508134	1	0.482018	-0.161491	-0.0501126	0.0314631	0.267291	0.425566	-0.0657824	0.687515	0.568134	0.521161	-0.0353868	0.0964119	0.0910886	0.342634	0.0899714	0.627884	-0.226725	-0.0192008	0.494189	-0.0861786	0.180968	0.187766	-0.0895716	-0.0294729	-0.0668356	-0.0782402	-0.0643883	-0.0289927	-0.0929032	-0.0810053	-0.0814138	-0.0897486	-0.0413124	-0.104858	-0.0676253	-0.0425789	-0.00733501	-0.0373647	-0.0804976	0.0661419	-0.0935212	-0.0123325	0.124618	0.0613763	-0.0698513	-0.0690039	0.0510163	0.088448	-0.0229241	0.197277	0.0821643	0.0637436	-0.0168722	0.134355	-0.0403647	-0.0383702	-0.0487323	0.0109829	-0.0811493	-0.014026	0.125375	-0.0223803	0.0597227	-0.0664249	-0.0439297	-0.0473004	0.0274065	-0.0232519	0.0365415	-0.0465136	-0.0799729	-0.00303798	-0.05773	-0.0188704	-0.130708	-0.129101	0.00628926	-0.00339085	-0.00141644	0.0682504	-0.0862528	0.00911331	-0.0335176	0.0377381	0.051826	0.157695	-0.0291385	-0.0768118	-0.0249721	-0.0479377	-0.00383866	0.0502485	-0.0156324	-0.069251	-0.0128279	0.0746495	-0.0618123	-0.0335082	-0.0448907	-0.0598152	-0.0388099	-0.0474074	0.0613912	0.00411757	0.109029	-0.0792266	-0.07075	0.00884288	0.0816788	-0.0338617	-0.0194798	-0.0365542	0.136163	-0.0492211	0.0171355	-0.0278648	-0.00472518	0.0237897	-0.0286585	0.0158032	0.118661	-0.0108062	-0.00181577	0.0193541	-0.0228378	-0.00630537	-0.0268381	-0.0331547	-0.0249364	-0.0650049	-0.010518	-0.0266129	-0.0131355	0.0830981	-0.0489501	-0.0246716	-0.0337805	0.0588507	-0.0605243	-0.0607722	0.00456203	0.00201723	0.00033227	0.00783889	-0.0605596	-0.00249429	-0.00671255	0.0289265	-0.0208357	-0.0393514	-0.0312628	-0.00853986	-0.0494771
-0.0347259	-0.0476351	0.482018	1	-0.0747848	-0.02602	-0.0818653	-0.0463927	0.368796	-0.025913	0.546156	0.633102	0.431728	0.00392306	-0.031271	-0.0536635	-0.0315818	-0.0516955	0.435583	-0.160176	-0.063289	0.364423	-0.0384755	0.230695	-0.0151653	-0.0742913	-0.0218658	-0.0306047	-0.033223	-0.0100661	-0.0108214	-0.0441841	-0.000654966	-0.0324378	-0.0434739	-0.0355481	-0.0249169	-0.0319779	0.0613507	-0.0114667	0.0266268	-0.0580257	-0.0492017	-0.0541754	-0.0457641	-0.0190249	0.152358	-0.0193318	-0.0396746	-0.0271215	-0.017306	0.0179902	-0.0300146	0.133654	-0.0551182	-0.0204135	-0.0350657	-0.0230701	-0.0130569	-0.0590318	0.0217596	-0.040467	0.0593618	-0.0215542	0.0356481	-0.0608622	-0.0397996	-0.05235	-0.013044	-0.0514139	-0.0372056	-0.0321249	-0.0289117	-0.0789429	-0.0229995	-0.0229088	-0.0285841	-0.103735	-0.116837	-0.0300282	-0.010886	-0.0128886	-0.0233182	-0.0542381	-0.0211594	0.03963	-0.0411305	0.0437283	-0.00485998	-0.0325795	-0.0364175	-0.0190659	-0.042129	0.0329807	0.0294885	0.000952466	-0.0611542	-0.0130982	0.174045	-0.0292992	-0.0200664	-0.0243191	-0.0256735	-0.0257259	-0.0482522	0.0771752	-0.0235212	0.0923844	-0.0474657	-0.0384553	0.0162411	0.126951	-0.0749822	-0.0697303	-0.0306512	0.317413	-0.0456772	0.0752886	-0.0294621	0.00208415	-0.041109	-0.0685536	0.0138301	0.231332	0.0498241	0.00123164	0.0714494	0.0248764	0.0645446	-0.0404977	-0.0257718	-0.0304439	-0.0536089	-0.010189	-0.0176804	-0.0287726	0.101737	-0.0154251	-0.0409326	-0.0533988	0.0822693	-0.0510298	-0.0589851	0.00957155	0.000673759	-0.0231481	0.00107403	-0.0655833	-0.0201553	-0.0186885	0.0122572	-0.0369395	-0.037062	-0.0235696	-0.0188504	-0.0184183
-0.0474346	-0.084468	-0.161491	-0.0747848	1	-0.0332711	0.767742	0.100449	0.554429	-0.0552688	-0.117955	-0.100824	-0.146403	0.253181	-0.047866	0.0986212	-0.0566979	0.0964733	-0.0511163	-0.302205	0.00670288	-0.0813399	-0.071103	0.185804	-0.0435367	0.286916	0.196418	-0.0744282	-0.0290966	-0.0558725	-0.0352157	0.094968	0.145969	-0.0485073	0.354509	-0.0340584	0.114105	-0.0348742	-0.0863123	-0.0321241	0.128344	-0.0981713	0.120889	-0.0840793	0.184057	-0.041768	0.0084202	0.107188	0.217034	0.0629556	-0.0383315	-0.0539111	-0.0417894	-0.0422234	0.0971046	-0.0363419	-0.0563459	-0.0366886	-0.0335872	0.270502	-0.0292602	-0.00599693	-0.0398311	-0.0136185	-0.00990282	0.163117	-0.0592617	0.206326	0.000126381	0.169458	0.115613	-0.0588692	-0.0222088	0.0773787	-0.0310956	-0.0381281	0.0021307	-0.0845472	-0.0853664	0.0339587	0.107223	-0.0305211	-0.0267495	0.128086	-0.0168218	-0.0649105	-0.000561339	0.025757	-0.0263291	-0.00393912	0.117474	-0.0210192	0.0741651	-0.0299068	0.0474573	-0.0251137	-0.0818908	-0.0346659	-0.00768845	-0.040633	0.0753728	0.00120909	0.179793	-0.0251074	-0.0190443	0.0716135	-0.00695652	-0.0197118	0.027143	-0.0441658	-0.00459959	0.011146	-0.0168374	-0.00774333	-0.0251666	-0.0113796	-0.000510931	-0.0122921	-0.023589	0.102836	0.0135201	-0.0174791	0.0185911	-0.000338392	-0.0206906	-0.040294	0.0235901	-0.0380638	0.0247718	-0.0321292	-0.00691012	-0.017477	0.0168681	-0.0276399	-0.0352984	-0.040449	0.0174443	-0.0432634	0.0566159	0.0790454	-0.0102383	-0.0145014	-0.014621	-0.00841387	-0.0265873	-0.00111102	0.000423988	0.00626091	0.000832097	-0.0468365	-0.0301195	0.00790805	-0.0236488	0.0270981	-0.00675443	-0.00113861
-0.0179896	-0.0273528	-0.0501126	-0.02602	-0.0332711	1	-0.0389102	-0.0201166	-0.0588731	-0.0281059	-0.0460556	-0.0409827	-0.0468176	-0.00687614	-0.0227808	-0.018427	-0.0169815	-0.0171895	-0.0490609	0.125682	-0.0465481	-0.0677971	0.502738	-0.074942	-0.012757	-0.0191845	-0.00817776	0.329672	-0.0153212	-0.0247595	-0.0120814	-0.0224576	0.144308	-0.0194952	-0.018488	-0.0203086	0.119993	-0.0235997	0.216261	0.424183	0.134616	-0.0118588	-0.0133893	-0.02709	-0.00771254	-0.00737051	-0.0623814	0.179056	-0.0157973	0.165938	0.00300754	0.269963	-0.00659077	-0.0754326	0.173416	0.343182	0.233267	-0.00601271	-0.00417455	-0.0147346	-0.0375035	-0.0294146	-0.0209931	-0.00876411	0.0045145	0.144953	-0.00768301	0.166317	-0.00654182	0.147662	0.199294	0.221025	-0.0210538	0.0712907	0.221629	-0.00684676	-0.0366492	-0.00837963	0.018018	-0.0310687	-0.0312662	-0.013907	-0.0120766	-0.0103363	-0.0282634	0.0662939	-0.0355872	-0.0264437	-0.00775958	-0.00391055	-0.00801412	-0.0107994	-0.0340021	-0.0108569	-0.00971394	-0.00770736	0.0554289	-0.0175762	0.0119087	-0.0255211	-0.00472421	-0.0265855	-0.0125368	0.00413796	-0.0351177	-0.000185372	-0.0325643	-0.0142533	-0.0231261	-0.0141521	-0.00546064	-0.00900282	-0.0458486	-0.0586492	0.0099569	-0.0260047	0.0695277	-0.0429442	-0.0195084	-0.000799194	-0.0241487	-0.0515176	-0.0102139	-0.0116942	-0.0489821	-0.013404	-0.0135866	-0.0390774	-0.0193328	-0.0146021	-0.000217074	-0.0241746	0.0116835	-0.00785205	-0.0142282	0.000807972	-0.00833121	-0.00639742	-0.0101531	-0.00877101	-0.0497031	0.0395674	0.0409483	-0.0257276	-0.0156013	0.0398246	-0.0210476	0.0290376	-0.018871	0.0248957	-0.00114825	-0.0130991	-0.00551459	0.00686109	-0.028452	0.0221966
-0.0472826	-0.0892062	0.0314631	-0.0818653	0.767742	-0.0389102	1	-0.0843797	0.734935	-0.0486197	0.11175	-0.112508	0.038085	0.314155	-0.0670051	-0.0779539	0.407759	-0.0778471	0.0522472	-0.336898	-0.11522	0.00408309	-0.0817159	0.308565	0.183989	0.279761	0.159111	-0.0734491	-0.0372976	-0.0595493	-0.0295928	0.0807132	0.148898	-0.0521485	0.362875	-0.0335858	0.114967	-0.0324631	-0.0799695	0.0171566	0.152349	-0.109904	0.127589	-0.0953586	0.079972	0.100792	0.00360084	0.118221	0.198435	0.0952566	0.0375892	-0.0210231	0.0872176	-0.0403698	0.181034	-0.00106079	0.0637719	-0.0390686	-0.0389731	0.182376	-0.0367495	-0.00958159	-0.0316001	-0.0210762	-0.0119656	0.1729	-0.0661679	0.144382	-0.0079184	0.180805	0.0506471	0.0382268	-0.0246366	0.026138	0.0126924	-0.0314651	0.00330411	-0.10551	-0.0867528	0.0329029	0.0578057	0.00124485	0.0828458	0.0641127	0.0407572	-0.0830178	0.0323981	0.0333628	-0.0291335	-0.000139718	0.0313957	-0.015381	0.0520495	-0.0213128	-7.65325e-06	-0.0238726	-0.0796512	-0.032154	-0.00866501	-0.0454255	0.0671358	0.0060346	0.0668768	-0.0321725	0.012533	0.0198208	0.015151	0.0129169	-0.0130804	-0.0484596	-0.0107504	0.0331758	-0.0247245	-0.0140329	-0.0263271	-0.044361	-0.0131874	0.00284083	-0.0235834	0.112536	0.0160764	-0.0136412	0.00448129	-0.0269684	-0.00688879	-0.0465831	0.0266646	-0.045344	-0.00902973	-0.0218524	-0.028525	-0.0244375	-0.0195162	-0.00109025	-0.0489101	-0.0327937	0.0395355	-0.044965	0.0782409	0.0817164	-0.00602534	-0.0523119	-0.0367687	-0.0236821	0.00165613	-0.00464958	-0.0165025	-0.0201731	-0.00244438	-0.0518621	-0.00151455	-0.00212731	-0.00756604	0.024135	-0.00351029	-0.00459237
-0.018608	0.525609	0.267291	-0.0463927	0.100449	-0.0201166	-0.0843797	1	-0.109963	-0.0291765	-0.070105	-0.0655562	-0.0837477	-0.0341982	0.207415	0.633875	-0.0233267	0.627042	0.27015	-0.145997	0.385106	0.207475	-0.032728	-0.113122	-0.0181024	-0.0517552	-0.00272261	-0.053286	-0.0263186	-0.0412469	-0.0166948	-0.0375704	-0.0753767	-0.0309726	-0.0297256	-0.0159984	-0.0842269	-0.0370335	-0.0653793	-0.0207139	-0.0547111	-0.0637451	0.094611	-0.0431411	0.141882	-0.0246768	0.128751	-0.0648426	-0.0444059	0.055356	-0.019534	-0.0402952	-0.0283012	0.0528707	-0.0569382	-0.0210209	-0.0352394	-0.0132236	-0.0102418	0.0731233	-0.0490144	-0.0191155	-0.0378891	-0.021308	-0.0119954	0.0312014	-0.0529461	0.0523114	-0.0208383	0.04097	0.0907501	-0.0349698	-0.0137022	-0.0138126	-0.0200031	-0.0339751	-0.058598	-0.0409783	-0.0867532	-0.0411529	0.0164342	-0.0186223	-0.00338349	0.0616841	-0.0352312	0.0318539	-0.0417405	-0.0427772	-0.0251613	-0.0301774	0.103725	-0.0149652	0.0415193	-0.0312658	0.00188676	-0.0246003	0.0302718	0.00471162	-0.0215267	-0.0206532	-0.0147007	-0.0357419	0.143854	-0.00397532	-0.045703	0.0463413	0.00992736	0.0118185	0.0213049	-0.0354785	-0.0159035	0.0348976	-0.00202689	0.00348724	0.00471191	0.0210276	-0.0294033	0.00754828	-0.00707807	-0.0142266	0.0252218	0.000402923	0.000264548	0.0364346	0.0202762	0.00238609	0.0391543	-0.0142485	0.00181812	-0.00124756	0.0241089	0.0524969	0.0109173	-0.0144536	0.0593981	0.0400321	-0.042675	-0.0149264	0.0243389	0.0423565	-0.0242963	0.0391147	-0.0111215	0.0601853	-0.0129197	-0.0094457	0.0648499	-0.00730986	0.0487429	-0.00780462	-0.00201373	0.0231144	-0.013821	-0.0126279	0.0143443	-0.0181897
-0.0650963	-0.12315	0.425566	0.368796	0.554429	-0.0588731	0.734935	-0.109963	1	-0.0806758	0.643254	0.545266	0.469261	0.224933	-0.0889958	-0.108895	0.298676	-0.107584	0.480824	-0.463464	-0.160106	0.363414	-0.107312	0.440038	0.126783	0.208807	0.120404	-0.045842	-0.0716412	-0.0684635	-0.0404002	0.0176433	0.132776	-0.0850575	0.246325	-0.0489745	0.0958224	-0.0572257	-0.0357861	0.0259797	0.154959	-0.0850087	0.0716594	-0.112729	0.0386312	0.0645763	0.045591	0.0692735	0.131956	0.0496046	0.0234001	-0.0231508	0.132164	-0.00807899	0.154982	-0.0224401	0.0814927	-0.0489709	-0.0496919	0.116429	0.0163085	-0.0460485	-0.007137	0.109363	-0.039128	0.141256	-0.0426989	0.0847443	-0.0190962	0.111317	0.0119233	-0.00297318	-0.0493224	0.0225154	-0.0133874	-0.0612375	0.0147703	-0.114849	-0.0937196	0.0553559	0.0611502	-0.0164681	0.0406079	0.012132	0.0124787	-0.0498045	-0.0113499	0.0944234	-0.0385945	0.00170503	-0.00426609	-0.030939	0.0169407	0.00698903	0.00402067	-0.0200303	-0.109124	-0.0426829	0.0817195	-0.0632669	0.0440948	-0.0119432	0.0465443	-0.0534785	-0.0238285	0.0691118	-0.00266792	0.0325935	-0.0582304	-0.0703783	-0.0239042	0.0689468	-0.0877538	-0.0722985	-0.0399565	0.128813	0.0123148	0.00836492	-0.044174	0.0800378	-0.0212889	-0.0672633	-0.00129073	0.109084	0.00463082	-0.0358201	0.0365368	-0.028907	0.0126122	-0.0448422	-0.0438365	-0.0688169	-0.0386634	-0.0129299	-0.0692154	-0.0496656	0.0911001	-0.0623199	0.0156605	0.0168566	0.024515	-0.0495199	-0.0273509	-0.0314294	-0.00975366	0.00800403	-0.0255242	-0.0174059	-0.016622	-0.0482954	-0.00652838	-0.00801801	-0.0287595	0.0221852	0.00157254	-0.0188268
-0.021439	-0.0364681	-0.0657824	-0.025913	-0.0552688	-0.0281059	-0.0486197	-0.0291765	-0.0806758	1	-0.0580075	-0.0499108	-0.0637212	-0.0311085	-0.0218959	-0.0314611	-0.0216471	-0.0296276	-0.0662154	0.167584	0.379539	0.230071	-0.0428698	0.154185	-0.0182842	-0.0347558	-0.0170584	-0.0384281	-0.0208711	-0.0195879	-0.0276059	0.000890605	-0.0550987	-0.0337029	0.00105981	-0.0239765	-0.065699	-0.0195278	-0.0503235	-0.00635983	-0.0446703	0.178981	-0.0511453	-0.0437057	-0.034842	-0.0360574	-0.0459336	-0.00722989	0.00216442	-0.0452614	-0.0283976	-0.00817887	-0.0358853	-0.0822417	-0.019739	-0.0138841	-0.0281409	-0.015957	-0.0261944	-0.0244036	0.229931	-0.0368297	0.00600674	0.00432812	0.000177311	-0.0393083	0.177044	-0.0300583	-0.00848783	-0.0412016	-0.0328897	-0.0350993	-0.00815816	0.108944	-0.00988479	0.0463876	-0.00443782	0.0976586	0.0867664	-0.000803285	-0.014767	-0.00177007	0.00398361	0.0324196	0.0225782	0.0505416	-0.0517528	-0.0174631	-0.0180846	-0.0113486	0.00426056	-0.0170934	-0.00190822	-0.00818394	-0.0133092	-0.0162632	-0.0350038	-0.0182925	-0.0158291	-0.02041	0.00169548	-0.00672214	-0.013866	-0.0150556	0.0154961	0.0265181	-0.0262978	-0.0439878	0.00384303	0.0311483	0.00122752	-0.0287523	-0.02323	-0.0190149	-0.0121986	0.00322798	0.0505914	-0.0168605	0.0334578	-0.00247407	-0.025526	-0.0086485	-0.0257155	-0.0197812	-0.0259868	0.00152657	-0.0396973	0.0165328	-0.0235459	-0.0132463	-0.00703343	0.0230834	0.030553	0.0394026	-0.0105219	-0.00348167	-0.0226122	-0.00214358	0.0552603	0.0447786	0.0184213	-0.0313756	-0.0104127	-0.026574	0.0120005	-0.0310748	-0.0195991	-0.0150844	-0.012327	-0.008349	-0.00617386	-0.000160773	0.000200076	0.0352393	-0.00297432	0.0254652
-0.0441088	-0.084526	0.687515	0.546156	-0.117955	-0.0460556	0.11175	-0.070105	0.643254	-0.0580075	1	0.863549	0.792221	-0.042081	-0.065323	-0.0770593	0.441914	-0.0752246	0.815239	-0.322817	-0.109475	0.677568	-0.0710765	0.361154	0.203401	-0.0378156	-0.0264089	0.00482217	-0.0681392	-0.0456389	-0.0245127	-0.082296	0.00670121	-0.069508	-0.0896824	-0.0384675	-0.011466	-0.0504853	0.0262408	0.0665579	0.0320692	-0.0296471	0.0248841	-0.0396996	-0.0653754	0.12218	0.0177044	-0.0277696	-0.0545689	0.0442161	0.0608308	0.0255218	0.209417	0.00673603	0.0973744	0.0146184	0.163161	-0.0342207	-0.037933	-0.0749534	0.0378999	-0.0663339	0.0220962	0.162554	-0.0483722	0.0568985	-0.0134495	-0.0519073	-0.0291569	0.0162981	-0.0395164	0.0617338	-0.0383125	-0.0393008	0.0257129	-0.0496728	0.0294231	-0.0837697	-0.0417923	0.0652601	0.0150607	0.0100774	0.0700143	-0.0679114	0.0331849	-0.0143051	-0.0415581	0.118904	-0.0280518	-0.0128779	-0.0656889	-0.0212048	0.0163494	0.0313981	-0.00897561	-0.00158837	-0.0822194	-0.020635	0.110666	-0.0570916	-0.0253325	0.0233142	-0.0434052	-0.0472625	0.0164554	0.0222998	0.014046	0.0377674	-0.0868875	-0.0533223	-0.0318995	0.069161	-0.0992651	-0.087546	-0.0320575	0.204823	0.0277458	0.0122593	-0.026951	-0.0127619	-0.035914	-0.0711701	-0.0277329	0.160326	0.0179426	-0.0143383	0.0188227	0.00112128	0.0212915	-0.0382976	-0.0384713	-0.0801234	-0.0579143	-0.00134695	-0.0520062	-0.0248487	0.0952986	-0.0455984	-0.0478973	-0.0539056	0.0364156	-0.0400326	-0.00552271	-0.0344923	0.0141612	0.00836067	-0.0316544	-0.0111159	-0.0132101	-0.0226117	0.0295783	-0.0246108	-0.00415837	0.00530011	0.0345422	-0.0165314
-0.0406874	-0.0774094	0.568134	0.633102	-0.100824	-0.0409827	-0.112508	-0.0655562	0.545266	-0.0499108	0.863549	1	0.68944	-0.0395308	-0.0566583	-0.0730294	-0.0508554	-0.0702046	0.703112	-0.28035	-0.0963993	0.582478	-0.0561491	0.303656	-0.0360516	-0.000776969	-0.0144328	0.0240071	-0.0597829	-0.0341144	-0.0283854	-0.068749	0.046329	-0.0646295	-0.074217	-0.0329375	0.030667	-0.0498915	0.0424824	0.0243559	0.0471426	0.000278604	-0.0661621	-0.0107741	-0.0614014	-0.0274385	0.0586037	-0.0421042	-0.0465947	-0.0537885	-0.0106747	-0.00612385	0.0822075	0.0295144	0.0057897	-0.0291127	0.0394247	-0.0281471	-0.0296783	-0.0655666	0.0640014	-0.058853	0.02835	0.179836	-0.0418452	-0.0173558	0.012471	-0.0644042	-0.0231781	-0.0673484	-0.057886	-0.0456954	-0.0351823	-0.0193351	-0.0309121	-0.0420212	0.0563049	-0.0460651	-0.00882215	0.0865865	0.0357825	-0.0348982	-0.045888	-0.0810159	-0.0424405	0.0274917	-0.0635021	0.134776	-0.0234586	-0.004125	-0.0600259	-0.0250642	-0.0277943	0.0349551	0.00278801	0.00147556	-0.0629887	-0.0224368	0.125846	-0.0440034	-0.0201901	0.0153877	-0.0408805	-0.041709	-0.0221666	0.0595377	-0.0258578	0.0267045	-0.079626	-0.0537278	-0.0239946	0.0582996	-0.114118	-0.10385	-0.0374218	0.245198	0.0518631	-0.00206536	-0.0430601	-0.0166488	-0.0555302	-0.094357	-0.0140666	0.194349	0.00126925	0.00185619	0.0187012	0.00412221	0.0268725	-0.049376	-0.0315034	-0.0809211	-0.0467498	-0.0273173	-0.0404244	-0.0358158	0.0994175	-0.0360029	-0.0767784	-0.0769025	0.0536812	-0.0179617	-0.00178648	-0.0181207	-0.0180745	0.017086	-0.0198273	-0.00513753	-0.0253082	-0.0204604	-0.00597345	-0.0180557	-0.0208216	0.0130122	0.0147575	-0.0114097
-0.0499523	-0.0965034	0.521161	0.431728	-0.146403	-0.0468176	0.038085	-0.0837477	0.469261	-0.0637212	0.792221	0.68944	1	-0.063644	-0.0775121	-0.090649	0.363107	-0.0883013	0.666128	-0.218997	-0.127953	0.53662	0.272583	0.237066	0.177483	0.0898285	-0.0328165	-0.0143808	0.00945217	-0.0647113	-0.00857058	-0.0325106	0.106225	0.000787164	-0.114712	-0.0302281	0.108594	-0.0450301	0.0105884	0.0430115	-0.0107984	-0.0567353	0.00194528	0.102828	-0.084467	0.109881	-0.0210937	0.00941189	-0.0615018	0.0536913	0.0402789	0.0826307	0.160048	-0.0486474	0.106578	0.093822	0.183074	-0.0397672	0.232555	-0.0977521	0.0150631	-0.0800449	0.00969425	0.127483	-0.0673518	0.0532708	-0.0555831	-0.029008	-0.0344714	0.024099	-0.00188293	0.100974	-0.0394696	0.0134497	0.106437	-0.032053	-0.00907034	-0.0369606	0.00550453	0.0202482	-0.0255483	0.117599	0.0616669	-0.0229943	0.0869176	-0.00376217	-0.0465709	0.0689909	-0.0374076	-0.0244304	-0.0674678	-0.0214986	0.0368536	0.0175987	-0.027651	-0.012365	-0.0541307	-0.0184947	0.084653	-0.0406549	-0.0283715	0.0696875	-0.0554209	0.164482	0.0422188	-0.0200111	0.0169025	0.0216984	-0.0821016	-0.0125144	-0.0385558	0.0571295	-0.0906869	-0.0763754	-0.0380675	0.179222	0.025341	0.0383807	0.0591454	-0.0183747	-0.0615645	-0.0585763	-0.0345746	0.128267	0.0496242	-0.00848712	0.0251935	0.0293065	0.0187791	0.0107779	-0.0522757	-0.0126715	-0.0762988	-0.00262086	0.0235893	0.0276113	0.0548285	0.097073	-0.019951	-0.032545	0.0147575	-0.0247956	-0.0388739	-0.056819	0.000755398	-0.00694306	-0.0442212	-0.0151057	-0.0245167	-0.0120138	0.0099272	-0.0382628	0.00410702	-0.0257852	0.0124977	-0.0338277
-0.0186694	-0.0189282	-0.0353868	0.00392306	0.253181	-0.00687614	0.314155	-0.0341982	0.224933	-0.0311085	-0.042081	-0.0395308	-0.063644	1	-0.026465	-0.026616	-0.0188656	-0.0253357	-0.0511521	-0.112387	-0.0441254	-0.0659581	-0.0292948	0.177239	-0.0135068	0.275906	-0.00990212	-0.0310157	-0.00121806	-0.0265406	-0.0166632	0.0597146	0.219704	-0.0128049	0.379551	-0.00950501	0.194984	-0.00778294	-0.0383048	-0.00966467	0.220615	-0.0590613	-0.0380238	-0.0270659	-0.030439	-0.0200042	0.15476	0.014223	0.0342512	-0.0326077	-0.0068498	-0.0133709	-0.0159723	0.0692269	0.00968466	-0.00959797	-0.0188967	-0.0141413	-0.019624	0.011842	-0.0316252	-0.0397777	-0.00866971	-0.00953274	-0.00335362	-0.00426267	-0.0380893	0.0043249	0.0254989	-0.000464545	-0.0249101	-0.0192887	-0.00943302	-0.0449479	-0.0051404	-0.024248	-0.000324074	-0.0608485	-0.0613706	0.0264704	-0.0466015	-0.00167725	-0.00782595	-0.0350019	-0.0221011	-0.0149879	0.0509247	-0.0246652	0.00212947	-0.00422038	-0.023413	-0.00752371	-0.0292964	-0.0108258	-0.0293345	-0.00822398	-0.00299747	-0.01854	-0.0138055	-0.0178616	-0.0173929	-0.0152854	-0.00557941	-0.019569	-0.017086	0.03733	-0.0249907	0.0621164	-0.0504821	-0.0241904	-0.00163164	0.0747788	-0.0597619	-0.0597011	-0.0214019	-0.0114534	-0.0118293	0.0471902	-0.0094849	0.0809556	-0.0246033	-0.046589	-0.020842	-0.0129359	0.0440811	-0.0121218	0.088184	-0.0393209	-0.0328428	-0.0542743	-0.00143731	-0.0319045	-0.0294795	-0.0134151	-0.0269689	-0.034795	0.0710193	-0.0326962	0.0553641	0.0483853	0.0237574	-0.0582669	-0.0385903	-0.0207885	-0.0237652	-0.0151996	-0.0139973	-0.0289441	-0.00731861	-0.0074087	-0.0140752	0.00154984	-0.0104913	0.0316045	-0.0325672	-0.00686499
-0.0155212	0.140397	0.0964119	-0.031271	-0.047866	-0.0227808	-0.0670051	0.207415	-0.0889958	-0.0218959	-0.065323	-0.0566583	-0.0775121	-0.026465	1	-0.0458845	-0.0274749	-0.0458539	-0.084619	-0.147288	-0.060972	-0.09762	-0.0256834	-0.0248113	-0.00578888	0.032814	0.00903069	-0.0160186	-0.0340315	-0.0162738	0.0184457	-0.0438637	0.0498599	0.0253331	0.0764159	-0.0294515	0.0211737	0.0210102	0.00525631	-0.0283221	0.0328691	-0.00282779	0.0465403	-0.0477308	0.0711861	-0.0171307	-0.00476448	0.0203196	0.035778	0.0273991	-0.0291303	-0.00296666	-0.0368586	-0.00233308	-0.00410663	-0.015519	-0.037282	-0.0329542	-0.00629083	0.0820503	-0.0281123	-0.0231864	0.0150094	-0.0107122	-0.0267955	0.0378533	0.0693288	0.065842	0.224169	0.0374668	0.0388308	-0.0446432	-0.0325189	0.0744007	-0.0190698	-0.0063534	-0.0138097	0.0529957	0.0263632	-0.00387939	0.022422	-0.0297881	-0.0226493	-0.0421609	-0.0305667	0.0467051	-0.019012	-0.00722266	-0.0260821	-0.0217233	-0.0194989	-0.0153582	-0.0367529	-0.0207623	0.117809	-0.0089768	0.0179172	-0.00916814	-0.0105201	-0.0236369	-0.0269422	-0.0315938	-0.0229511	0.00329335	-0.0180121	-0.00993934	-0.0333813	-0.0738168	0.0546246	-0.0329335	-0.0237036	-0.0654761	0.0181639	0.0230121	0.0486346	-0.0247519	0.0222526	-0.0610106	-0.0255464	0.0430929	0.00577437	-0.0107805	0.099024	-0.0208034	-0.0522272	0.00902644	-0.0511042	-0.0302977	-0.0385133	-0.00270398	0.0203375	0.0869841	-0.00886983	-0.0016127	0.0671195	0.0874895	-0.0554988	-0.0198639	-0.0113873	-0.0157198	-0.0602071	0.0670571	-0.0291257	0.0877461	-0.00731163	0.053556	0.0831403	-0.0235018	0.0277329	0.00712874	0.0202109	0.0282752	-0.00383354	-0.00225912	0.0347672	-0.0166037
-0.025335	0.25252	0.0910886	-0.0536635	0.0986212	-0.018427	-0.0779539	0.633875	-0.108895	-0.0314611	-0.0770593	-0.0730294	-0.090649	-0.026616	-0.0458845	1	-0.0236756	1	0.464913	-0.165884	0.623137	0.383101	-0.0441502	-0.00794575	-0.0186201	-0.0565392	-0.0140459	-0.0480313	-0.00652276	-0.0445632	-0.0195856	-0.0192706	-0.0809925	-0.017686	-0.0308955	0.239076	0.00209636	-0.0256715	0.0669985	-0.0198014	0.01487	-0.0464626	0.203418	-0.0369248	0.277958	-0.0252235	0.0440454	-0.052746	-0.0337311	0.146341	-0.0105276	-0.0364826	-0.0210435	-0.0299486	-0.0465632	-0.0189899	-0.0284453	-0.0209288	-0.0190928	0.178255	-0.0583334	-0.0318983	-0.0343058	-0.0141998	-0.0239628	0.116903	-0.0405987	0.142923	-0.0158697	0.123005	0.190657	0.0832283	0.26445	-0.0139459	-0.0150453	-0.00762341	-0.0529432	0.0104492	-0.0330175	-0.0399779	0.0126564	-0.00737547	-0.0039422	0.0711256	-0.0347889	0.0361403	-0.052337	-0.0469184	-0.0232215	-0.0305488	0.113619	-0.0100023	0.0507747	-0.0205695	-0.010906	-0.0302351	0.0425985	-0.0112581	-0.0218943	-0.0194455	-0.0154925	-0.0354759	0.143603	-0.00694461	-0.0463422	0.036364	0.00614968	0.00452107	-0.00862994	-0.00761149	-0.0333666	0.0249997	-0.0182371	-0.0084828	-0.0101409	0.0130375	-0.0068726	0.0222911	-0.00800231	-0.0226967	-0.0148887	-0.00480968	-0.0234283	0.024198	0.0416545	-0.000191008	0.0470259	0.0165851	-0.00643887	0.0312025	0.0122593	0.0218992	0.0280387	0.0595123	-0.0212983	-0.00141168	-0.0426142	-0.0183568	0.0474349	0.0671157	-0.0235348	-0.00484741	0.00457448	-0.0112926	0.0286003	0.00664714	0.00556985	0.00411676	0.0247377	-0.00708367	-0.0164317	-0.0171339	0.000435278	-0.0132479	0.0192872	-0.0177807
-0.0152017	-0.0337292	0.342634	-0.0315818	-0.0566979	-0.0169815	0.407759	-0.0233267	0.298676	-0.0216471	0.441914	-0.0508554	0.363107	-0.0188656	-0.0274749	-0.0236756	1	-0.0250068	0.393226	-0.152002	-0.0451519	0.331738	-0.0351574	0.189917	0.489728	-0.0725999	-0.0249789	-0.0306149	-0.029891	-0.0334417	0.00798046	-0.0419904	-0.068166	-0.020519	-0.0462517	-0.0179344	-0.0786096	-0.015171	-0.0264045	0.0949227	-0.0242257	-0.0699695	0.178136	-0.0565398	-0.0196241	0.30441	-0.0683141	0.0159437	-0.0310837	0.189026	0.161542	0.0634169	0.275521	-0.037048	0.185989	0.0851757	0.261462	-0.0210786	-0.0208479	-0.0328187	-0.0477513	-0.0293117	-0.00929045	-0.0045946	-0.0358734	0.147501	-0.0552975	0.0118325	-0.0169966	0.157412	0.0287436	0.21337	-0.0135465	-0.0492544	0.113303	-0.0248206	-0.0388342	-0.0843218	-0.0635852	-0.0187419	-0.0332556	0.0848612	0.238089	0.00795537	0.142197	-0.0830463	0.0347021	0.000616021	-0.0170129	-0.018903	-0.0270987	0.00418528	0.0806331	-0.00387139	-0.0223589	-0.00583371	-0.0573894	0.00118097	-0.00511382	-0.0374431	-0.0115087	0.0215047	-0.017487	-0.0172028	0.0748247	-0.0626379	0.0707981	0.0339799	-0.0359773	-0.0150388	-0.0191592	0.0425222	-0.00322875	0.00395027	0.00437157	-0.0245204	-0.0360768	0.0318542	0.0245294	0.00720541	0.0235052	0.0196083	-0.03334	-0.0207737	0.0343746	-0.0347791	0.00875242	-0.00505156	-0.00201371	0.0109954	-0.0205798	-0.0167171	-0.0325826	0.0456206	-0.0325961	0.0141354	0.0137064	-0.0288648	0.0491971	0.0398095	-0.0232101	-0.054788	-0.00877655	-0.0372191	0.0659099	-0.013844	-0.0296061	-0.0141654	0.0186143	-0.0178304	0.07049	-0.0181142	0.0322464	-0.0216161	0.0442772	-0.0160277
-0.0263998	0.250225	0.0899714	-0.0516955	0.0964733	-0.0171895	-0.0778471	0.627042	-0.107584	-0.0296276	-0.0752246	-0.0702046	-0.0883013	-0.0253357	-0.0458539	1	-0.0250068	1	0.464998	-0.163071	0.623324	0.383024	-0.0424024	-0.00841267	-0.0181293	-0.0598355	-0.0148348	-0.048104	-0.0103771	-0.0425318	-0.0184676	-0.0211611	-0.0824256	-0.0201532	-0.0343563	0.246279	0.00134825	-0.0243535	0.0704857	-0.0271899	0.0134855	-0.0480487	0.210323	-0.0373606	0.286098	-0.0233615	0.0456773	-0.0561538	-0.0332504	0.148745	-0.0088881	-0.0418181	-0.0200379	-0.0284371	-0.0496768	-0.0263658	-0.0327129	-0.0221313	-0.0177442	0.18322	-0.0566521	-0.0329115	-0.0331296	-0.0153495	-0.0252265	0.118446	-0.0401216	0.144079	-0.0174127	0.124604	0.191968	0.0829561	0.272965	-0.0164926	-0.0202737	-0.0093553	-0.0526516	0.0090784	-0.0363667	-0.039916	0.0132039	-0.00586096	-0.00428485	0.072605	-0.032516	0.0340834	-0.0513138	-0.0468036	-0.0222225	-0.0312389	0.115346	-0.0119821	0.0526885	-0.019697	-0.0102462	-0.0319824	0.0413525	-0.00993369	-0.0206641	-0.0239085	-0.0193792	-0.0331353	0.147058	-0.00543952	-0.0461703	0.0384792	0.00219543	0.00743178	-0.00737663	-0.00583736	-0.0326916	0.0268541	-0.0190911	-0.00875553	-0.0107967	0.0138587	-0.00863203	0.0230778	-0.00782266	-0.0241684	-0.0140166	-0.00448506	-0.021639	0.025144	0.0419039	0.00147031	0.0486959	0.0193982	-0.00888299	0.0345668	0.0118164	0.0249991	0.0325072	0.0623846	-0.022807	-0.00144706	-0.0449025	-0.0191363	0.0464283	0.0670556	-0.0264625	-0.00151861	0.00862416	-0.0113134	0.0287797	0.00795651	0.00603197	0.00732835	0.0268006	-0.00860061	-0.017341	-0.0174918	0.000485554	-0.0168212	0.021596	-0.0232227
-0.0521382	0.0586556	0.627884	0.435583	-0.0511163	-0.0490609	0.0522472	0.27015	0.480824	-0.0662154	0.815239	0.703112	0.666128	-0.0511521	-0.084619	0.464913	0.393226	0.464998	1	-0.385727	0.235625	0.830182	-0.0839669	0.328604	0.181102	-0.0714036	-0.0270931	-0.023702	-0.0679481	-0.068759	-0.0295951	-0.0892806	-0.0462768	-0.0757837	-0.103104	0.0959903	-0.0160515	-0.0641953	0.0547327	0.0438177	0.0417688	-0.0603345	0.138527	-0.0639669	0.0936101	0.103725	0.0440476	-0.0469413	-0.0551892	0.120243	0.053118	-0.00187797	0.188532	-0.00847977	0.0753503	-4.5283e-06	0.138552	-0.0487904	-0.0472112	0.0382754	-0.00359468	-0.077424	-0.00308251	0.151284	-0.0659997	0.127469	-0.0406883	0.0373342	-0.035905	0.0922361	0.0686729	0.108916	0.115202	-0.045564	0.0171902	-0.0486961	-0.00254176	-0.0728622	-0.0576149	0.0375682	0.0237626	0.00992274	0.0685976	-0.0204309	0.0131846	0.00246059	-0.060987	0.0797652	-0.0402508	-0.0419766	-0.000455837	-0.0290786	0.0417031	0.0157377	-0.0168071	-0.017202	-0.0583308	-0.0226471	0.086449	-0.0622802	-0.0128499	0.00169419	0.0368496	-0.04919	-0.0100443	0.0490128	0.00605625	0.0452365	-0.0878636	-0.0531706	-0.0441448	0.0905378	-0.106238	-0.0889961	-0.0345068	0.209424	0.0123348	0.0349486	-0.0289517	-0.0259898	-0.0497504	-0.075718	-0.0359213	0.163869	0.0519612	-0.0201973	0.0662915	0.0136211	0.0453467	-0.0160959	-0.0272602	-0.0597786	-0.0336138	0.03385	-0.0650436	-0.0246008	0.0633948	-0.0532011	-0.00152622	0.00308346	0.00414058	-0.0381635	0.00359995	-0.0417582	0.0284659	0.0114058	-0.0265534	-0.00533395	0.00185679	-0.0254757	0.0159583	-0.0374436	0.000394483	-0.0113453	0.0375424	-0.0294983
0.095111	0.0607122	-0.226725	-0.160176	-0.302205	0.125682	-0.336898	-0.145997	-0.463464	0.167584	-0.322817	-0.28035	-0.218997	-0.112387	-0.147288	-0.165884	-0.152002	-0.163071	-0.385727	1	0.113736	-0.180477	0.254975	-0.120597	-0.033355	-0.151148	-0.0934881	0.062878	-0.130818	0.111179	-0.00869787	-0.108041	-0.0985129	-0.117483	-0.155815	0.0445153	-0.113539	0.131856	0.040356	-0.00534959	-0.10315	0.165781	-0.107685	-0.0548168	-0.146949	0.0117127	-0.0616177	-0.00100457	-0.115667	-0.0275889	0.0512665	0.0925898	-0.0324638	0.0417003	-0.0726504	0.0472416	0.00803078	0.112259	0.125504	-0.181582	0.123129	0.152938	0.0894492	-0.0854673	0.104382	-0.132171	0.0313732	-0.130903	-0.0538971	-0.106335	-0.0673562	0.0300376	-0.0182699	-0.0975926	0.0627941	0.0752689	0.025243	0.0327241	0.0692559	-0.0892339	-0.093389	0.0341259	-0.0244019	-0.0233045	0.0187857	0.0440584	0.00910934	-0.0906655	0.101635	0.0824337	-0.0163673	0.0180236	-0.0504922	0.0659794	-0.0747438	-0.00434631	0.0857758	0.0975719	-0.0259409	-0.00597252	-0.0655537	-0.0136507	-0.083088	0.104562	-0.0176381	-0.0323055	-0.0778124	0.0511752	0.0359925	0.101459	0.071907	-0.0137182	0.0832809	0.0684992	0.00182474	-0.0956466	-0.0458592	0.00178733	0.0704815	-0.069812	0.0814936	0.0909403	-0.0814571	-0.0895191	-0.018004	0.0576717	-0.024119	0.0187747	-0.0367203	-0.0105723	-0.00778182	-0.0271845	0.0380053	-0.00261442	0.0274465	-0.0171803	-0.0225906	0.0503429	-0.00724822	-0.0106448	0.0312299	-0.000295861	0.0654799	-0.077783	-0.0424544	-0.0637246	-0.0772872	0.0726819	-0.0106152	0.0574672	-0.0473775	0.00457555	0.0161662	-0.00784603	-0.0334445	0.0259737
-0.046231	0.123395	-0.0192008	-0.063289	0.00670288	-0.0465481	-0.11522	0.385106	-0.160106	0.379539	-0.109475	-0.0963993	-0.127953	-0.0441254	-0.060972	0.623137	-0.0451519	0.623324	0.235625	0.113736	1	0.620962	-0.0707285	0.224823	-0.0422133	-0.0984442	-0.0347774	-0.0783327	-0.0406744	-0.0559008	-0.0397847	-0.0511374	-0.132379	-0.0559748	-0.04253	0.146335	-0.0869709	-0.0363795	-0.00673016	-0.0410321	-0.0480004	0.194768	0.112284	-0.0863015	0.192414	-0.0611447	-0.0316058	-0.0779282	-0.0515068	0.0608751	-0.047668	-0.0545677	-0.0635636	-0.105611	-0.0967917	-0.0443268	-0.0780139	-0.0390631	-0.0360932	0.101463	0.0559477	-0.0625661	-0.0293702	-0.0365526	-0.0237345	0.0258137	0.0441001	0.0648027	-0.0282234	0.03707	0.110523	0.00540948	0.167155	-0.00112647	-0.0400236	0.180952	0.0889757	0.028719	0.0729801	-0.065184	0.105714	-0.0221169	-0.0265652	0.115705	-0.027173	0.0533899	-0.0877868	-0.0605207	-0.0121669	-0.0341034	0.16443	-0.0328689	0.0180419	-0.0278075	0.00839414	0.0459503	0.0232856	-0.0210172	-0.0105991	-0.0445641	-0.0185379	-0.037563	0.0721535	-0.0228861	-0.0483396	0.0500573	-0.0404692	-0.0440906	0.0709225	0.0676817	-0.0237478	-0.0200933	0.0253813	0.0394666	-0.0215141	-0.000465523	-0.0111285	0.0177426	-0.0226299	-0.0425068	-0.00510676	0.0406247	0.000350778	-0.00936314	0.0247126	0.17536	-0.00854683	0.0610201	-0.0442358	0.0111701	0.0510884	0.0416625	-0.0113587	0.0487353	-0.000361165	0.00825718	0.00160222	-0.0266244	0.0376266	0.0344898	0.0454347	-0.0525054	-0.0503216	-0.0025801	0.0120996	-0.0231982	-0.00303122	-0.0108523	0.0349518	0.011911	-0.023266	0.00604603	0.00584085	0.018016	0.0115766	-0.0012436
-0.066801	0.00799405	0.494189	0.364423	-0.0813399	-0.0677971	0.00408309	0.207475	0.363414	0.230071	0.677568	0.582478	0.53662	-0.0659581	-0.09762	0.383101	0.331738	0.383024	0.830182	-0.180477	0.620962	1	-0.114504	0.464396	0.147659	-0.101671	-0.0387307	-0.0610845	-0.0790438	-0.0790154	-0.0471421	-0.103903	-0.0987293	-0.0954895	-0.104762	0.0756156	-0.0770731	-0.0688249	0.00840446	0.0134449	-0.0058036	0.113405	0.11073	-0.0976848	0.0898836	0.0640687	-0.00898291	-0.0771152	-0.0751644	0.0836529	0.0238668	-0.0248001	0.139827	-0.0738496	0.0184656	-0.0271047	0.0829385	-0.0624544	-0.060922	0.0203935	0.0687194	-0.100749	-0.00368243	0.121657	-0.0646536	0.076769	0.017714	0.00813387	-0.0431319	0.04747	0.047928	0.0565975	0.0927153	-0.0335504	-0.0117054	0.0920583	0.0915221	-0.0486461	0.0180058	0.00818786	0.098321	-0.00337042	0.0476022	0.0344481	0.0078584	0.0229544	-0.0976785	0.0518919	-0.0392091	-0.0465777	0.0668672	-0.0450981	0.0296981	0.00526996	-0.00367919	0.0328631	-0.0598133	-0.0298738	0.0857567	-0.0754513	-0.0163067	-0.00897088	0.0191239	-0.0547644	-0.0211225	0.0662265	-0.0245618	0.00327559	-0.0272172	-0.000634525	-0.040319	0.0520468	-0.066199	-0.0449472	-0.0416696	0.181758	0.00688436	0.0312461	-0.0402685	-0.046066	-0.0388774	-0.0348339	-0.0196428	0.12967	0.0424584	0.104696	0.0285645	0.0459123	0.0115698	-0.0182766	0.00983385	-0.030516	-0.0538115	0.0342453	-0.0451118	-0.0136919	0.0784082	-0.0562853	0.00833214	-0.00217956	0.0571154	-0.0789326	-0.0453097	-0.030336	0.0241599	-0.0106251	-0.0252448	-0.0267964	0.0123248	-0.0103864	0.00893675	-0.0242892	0.00319297	0.00429527	0.0297597	-0.0243294
-0.0157492	-0.0369223	-0.0861786	-0.0384755	-0.071103	0.502738	-0.0817159	-0.032728	-0.107312	-0.0428698	-0.0710765	-0.0561491	0.272583	-0.0292948	-0.0256834	-0.0441502	-0.0351574	-0.0424024	-0.0839669	0.254975	-0.0707285	-0.114504	1	-0.159178	-0.02654	0.253087	-0.0326024	0.243179	-0.0391816	-0.0475996	-0.0142587	-0.0577994	0.336487	-0.0437927	-0.0705699	-0.0134264	0.29139	-0.0268163	0.155471	0.33918	0.0540191	-0.0832716	-0.0558035	0.185254	-0.0477999	-0.0271644	-0.106842	0.226261	-0.0430398	0.190265	-0.0213547	0.362004	-0.0398656	-0.162231	0.197115	0.469418	0.291441	-0.0123462	0.526999	-0.0609522	-0.0573059	-0.0447651	-0.029819	-0.0276856	-0.013917	0.144933	-0.0765904	0.186688	-0.0244724	0.158924	0.256911	0.287885	-0.0228516	0.158721	0.4108	0.0148483	-0.0659173	0.0543056	0.131238	-0.069901	-0.0864052	0.222005	-0.0200059	0.0778913	0.104469	0.0800507	-0.0879841	-0.0674319	-0.0313242	-0.0235647	-0.0102545	-0.0254845	0.0417138	-0.0243187	-0.0275147	-0.00840656	0.0895488	-0.00185269	-0.00820039	-0.0402421	-0.0254258	0.0928408	-0.0190737	0.406344	0.036584	-0.101307	-0.0457266	-0.0689532	0.00992498	0.0651458	-0.00977307	-0.0436954	-0.0426134	-0.0454525	-0.0111732	-0.0271977	0.0860352	-0.0226373	0.156879	-0.0310013	-0.0555408	-0.0334884	-0.0391818	-0.00876759	-0.0303399	-0.00125187	-0.0453905	0.0230632	-0.0406421	0.0606924	0.00331831	0.0929445	0.000153947	-0.0141412	0.152229	0.0997553	-0.0901358	0.26262	-0.00672826	-0.013316	-0.0506527	0.0871878	0.00405997	-0.0389705	-0.0341866	0.00810839	-0.025273	0.0625453	-0.0203272	0.0658299	-0.0217342	-0.0257435	0.0259144	-0.0102355	-0.045322	0.0192378
0.10926	-0.109836	0.180968	0.230695	0.185804	-0.074942	0.308565	-0.113122	0.440038	0.154185	0.361154	0.303656	0.237066	0.177239	-0.0248113	-0.00794575	0.189917	-0.00841267	0.328604	-0.120597	0.224823	0.464396	-0.159178	1	0.246712	0.299087	0.173542	-0.112102	-0.118181	-0.13905	-0.017154	0.0509095	0.182873	-0.112506	0.428055	0.0298663	0.160569	-0.0710502	-0.0445138	-0.0216337	0.177612	0.0374894	0.103874	-0.137509	0.00846333	0.142454	-0.104948	0.0481763	0.147883	0.0290605	0.0969655	-0.066515	0.0718752	-0.0330686	0.099454	-0.0755855	-0.00185884	0.109169	-0.104549	0.10473	0.0498249	0.134845	-0.00588797	-0.0756201	-0.0818702	0.0735542	0.0128916	0.0424092	-0.0585293	0.0996001	-0.0480239	0.0336997	0.0370765	-0.0642397	-0.0690289	0.0659382	0.0995435	0.00981747	0.0553176	0.0411285	0.103709	-0.0630889	0.0421202	0.0337661	-0.0141502	0.0427477	-0.0936901	0.0500895	-0.0652957	-0.0669433	0.0537823	-0.0806682	0.02642	-0.0126696	-0.0447208	0.00422246	-0.0832968	-0.0635567	0.0760055	-0.105821	0.0482674	-0.00188101	0.0186683	-0.0864217	0.023755	0.0296207	-0.0861196	-0.046926	0.0165873	0.0720071	-0.0742344	0.029825	-0.0719447	-0.111693	-0.0184805	0.123267	0.0880992	-0.0114383	-0.0802337	0.102913	-0.0902786	-0.109128	-0.037101	0.0749685	0.0161643	0.0776072	0.0429159	-0.00906894	0.044402	-0.0819815	0.00193583	-0.0664985	-0.0419748	0.0100782	-0.079578	-0.0670981	0.100394	-0.0889579	0.0266044	0.0222077	0.0290401	-0.0725931	-0.0463829	-0.0125303	-0.0059097	-0.0186611	-0.0083053	-0.0293223	0.0129392	-0.0476575	-0.00582941	-0.0335028	0.001132	0.00398497	0.00124493	-0.0335473
