1	-0.0619855	-0.160268	0.404214	-0.0604912	-0.0480564	-0.0641059	-0.0647183	0.199831	-0.171279	-0.116276	-0.209647	0.336347	0.366673	-0.0613699	-0.0536977	0.237242	0.259678	-0.0550234	0.38748	-0.0305586	-0.0360084	-0.0411499	-0.099025	-0.0737536	-0.0527124	-0.0444689	0.258333	-0.0408379	-0.0510497	-0.0668691	-0.0214143	0.388637	-0.0237519	-0.0261566	-0.0543623	-0.0527039	0.78689	0.162638	0.0345249	-0.0310355	0.393116	-0.00740667	-0.0189387	0.204401	-0.0442821	0.102172	-0.0689911	-0.0511496	-0.0360576	-0.0868265	0.280174	-0.0358263	0.0461471	-0.0666511	0.504219	-0.0396685	-0.0240132	-0.0599225	-0.0579331	-0.0394157	-0.03013	-0.0352748	-0.034682	-0.0462741	-0.0404402	-0.0202085	-0.0299892	-0.0391513	0.0654255	0.00874154	-0.0320544	0.137664	-0.0450234	0.122614	0.0832142	-0.135751	-0.0320496	0.108647	-0.0369787	0.13695	0.268498	-0.033417	0.215851	0.151465	0.178858	-0.0204418	-0.0442051	-0.0304178	0.124182	0.374146	-0.0482885	-0.0313412	-0.0290565	-0.0225782	0.0920295	0.0980108	0.055789	0.0205828	-0.0318446	0.209695	-0.0460267	-0.0392316	-0.046926	-0.075395	0.356555	-0.0594537	0.00753784	-0.0265695	-0.0817025	-0.022095	-0.0868645	0.350096	0.233978	-0.0409463	-0.0535235	-0.0229796	-0.074138	-0.0422752	-0.0218197	-0.0196068	-0.0350816	0.288703	-0.0316519	-0.0488346	0.357261	0.288202	-0.0870965	0.217504	-0.0342393	-0.0242235	-0.0435304	0.0476806	0.165597	-0.0314675	-0.0277271	-0.116468	0.0333551	-0.0367997	0.175911	0.141097	0.0734191	0.0579586	0.208726	-0.0426181	-0.0156676	-0.0196265	0.115917	-0.00426331	-0.00765675
-0.0619855	1	-0.111733	-0.150463	-0.0491536	-0.0356501	-0.0368988	-0.0409373	0.188012	-0.0830966	-0.0604628	0.257613	0.204967	-0.0229033	-0.0356965	-0.0338359	-0.163611	-0.0249983	-0.0156673	-0.019383	-0.0306435	-0.0373967	-0.0261864	-0.0732931	-0.0497439	-0.0351697	-0.0308978	-0.0221739	-0.0413741	-0.0400718	-0.053037	-0.00965689	-0.0217889	-0.0357057	-0.0331506	-0.0302933	-0.0318617	-0.054324	-0.0405259	-0.038161	-0.0388462	-0.0509161	-0.0265363	0.000719167	-0.0205208	-0.0129489	-0.0310272	-0.0532177	0.0408754	-0.0180654	-0.0498673	-0.0227248	-0.0290426	0.135592	-0.0471579	-0.0363722	-0.0250865	-0.0140766	-0.0350624	-0.0559591	-0.00418615	-0.0147643	-0.0195034	0.0796823	-0.0152852	-0.0261427	-0.0200749	-0.0127142	0.00482102	-0.00996905	-0.0286272	-0.0110094	0.0017382	-0.0206302	-0.0112187	-0.0266013	0.00563794	0.00509533	-0.0350325	-0.00957652	0.0917401	-0.0265717	-0.0231313	0.0455754	-0.0202029	0.09573	0.0174756	-0.0286475	-0.00661035	0.0790858	-0.03306	0.0147781	-0.012764	-0.0184213	-0.0123544	-0.0455278	-0.042659	-0.060288	-0.0434023	-0.0110525	-0.0145741	-0.0239875	0.0538956	-0.0265779	-0.0399668	0.0565856	0.0533866	-0.0190985	-0.0250438	-0.0429044	-0.0110656	-0.0449827	0.0549542	-0.011615	0.00665849	0.0921666	-0.0207326	-0.0317688	-0.0479083	-0.00480402	0.0204163	-0.0366962	0.0116972	0.0120554	0.000697746	0.0247438	0.0218658	-0.0115117	-0.00959285	-0.0256104	-0.0147531	-0.00586781	-0.00431432	-0.0151356	-0.00880857	-0.0239093	-0.0230794	-0.0249221	-0.0237078	-0.0039001	-0.0227953	0.0318861	0.0153581	0.0463775	-0.0320859	0.000127499	-0.0238304	0.0382243	-0.0453317	-0.0170275
-0.160268	-0.111733	1	0.729623	0.423378	-0.10435	-0.0965502	-0.121757	-0.502728	-0.30725	-0.267811	-0.374926	-0.452501	-0.0771755	-0.0208902	-0.0168827	0.550067	-0.101185	-0.0731255	-0.069226	-0.0843368	0.247519	0.0156455	-0.183691	0.422456	0.215292	-0.0662713	-0.102828	-0.101053	-0.112136	0.0994677	-0.0984529	-0.0694805	-0.0828215	-0.0597299	-0.105215	-0.0636438	-0.138601	-0.124863	-0.12768	0.00379963	-0.115422	0.0826527	-0.0279743	-0.169868	0.014538	-0.0478593	0.0798215	0.00974739	-0.0876452	0.0985436	-0.0724972	-0.0584261	-0.0539849	0.0604824	-0.0894665	0.00516422	-0.0418153	-0.0454026	0.119651	0.0897413	0.00682425	0.167264	0.0611465	-0.0150763	0.0876701	0.0584057	0.00843356	0.112619	-0.0611897	0.037362	-0.0126056	-0.147994	0.120507	-0.0523317	-0.0420487	0.0597929	-0.0512484	-0.00770337	-0.0559378	-0.0627373	-0.049223	0.0264514	-0.0785045	-0.0374387	-0.0791887	0.010875	-0.0657822	-0.03032	-0.0500267	-0.0580648	0.0726922	0.0346818	0.0288329	-0.0511902	0.0491005	0.0551723	0.0619342	0.00290066	-0.0653602	-0.00436499	0.0632107	-0.0652263	0.057628	0.11246	-0.0862862	-0.0173396	0.0199827	-0.0842792	0.0602813	-0.0424315	0.0433662	-0.08475	-0.0409877	-0.0559756	-0.0328982	0.0210038	-0.0499778	0.058254	-0.0223354	0.0240421	-0.0741296	-0.048933	0.0855456	0.0535284	-0.0927295	-0.0479202	-0.0577885	-0.0588269	-0.069505	-0.0488532	0.0484223	-0.0201195	-0.0271331	0.00824387	-0.062891	0.0753058	0.0108562	0.0322258	-0.0463374	-0.0291602	-0.0675561	0.00489349	-0.0762568	0.0469647	0.0237296	0.0635057	0.000611498	0.06508	-0.0394719
0.404214	-0.150463	0.729623	1	0.295293	-0.134743	0.24863	-0.163942	-0.376449	-0.407512	-0.334391	-0.510567	-0.104009	0.146584	-0.0736321	-0.0611702	0.595475	0.0576544	-0.105427	0.158757	-0.100478	0.155831	-0.0257805	-0.244865	0.318517	0.135941	0.165849	0.05531	-0.0952639	-0.14801	0.0517251	-0.127194	0.158539	-0.0979027	-0.0843532	-0.146772	-0.0960833	0.336076	0.17234	0.0820882	-0.0249468	0.144055	0.0205842	-0.0427509	-0.0343613	-0.0181818	0.0175306	0.00505167	-0.0127061	-0.112019	0.0523326	0.099023	-0.0872292	-0.0122264	-0.00122622	0.230664	-0.0210365	-0.051114	-0.0935363	0.079974	0.0401503	-0.0204331	0.121021	0.0133122	0.0425962	0.0493438	0.0207375	-0.00908782	0.0750913	0.0808942	0.0953865	0.084262	-0.0455136	0.0486526	0.0311802	-0.00969086	-0.021215	-0.046577	0.0655673	0.0933223	0.0339076	0.13679	0.000202762	0.0703966	0.0661887	0.0347815	0.0200785	-0.0900027	-0.057295	0.0405329	0.189444	0.00263877	0.016624	0.00862003	-0.0727363	0.097261	0.0971007	0.0688555	0.0129193	-0.0528863	0.0958724	-0.00213115	-0.0972512	-0.00806114	0.0518259	0.151351	-0.0625829	0.00917208	-0.0869699	-0.0339392	-0.0637813	-0.0547311	0.149945	0.0915106	-0.0830055	0.00951037	0.00163347	-0.0869382	-0.00322236	-0.0438261	-0.000939729	-0.0962285	0.124462	0.0427	-0.011472	0.140775	0.126246	-0.0812559	0.0745848	-0.0902837	-0.0586658	-0.0102305	-0.00229002	0.0679993	-0.0365548	-0.040393	-0.00188991	0.01372	0.0107761	0.052305	0.0462779	-0.00662497	0.0354742	0.0675653	0.00843218	0.00202216	0.0306385	0.0800815	0.0375301	-0.0397832
-0.0604912	-0.0491536	0.423378	0.295293	1	-0.0460993	-0.026542	-0.0455666	-0.216334	-0.138596	-0.122692	-0.169034	-0.202882	-0.0278368	-0.0310082	-0.0147323	0.27285	-0.0451624	-0.0410414	-0.0104915	-0.0399613	0.506775	-0.00993691	-0.0859126	0.453009	-0.041145	-0.0170792	-0.0458829	-0.0353457	-0.0421786	-0.0561529	-0.0483871	-0.01741	-0.0299945	-0.0226704	-0.0375949	-0.0210267	-0.0519925	-0.0456944	-0.0428107	-0.0463773	-0.0618247	0.0421323	0.0116568	-0.13888	-0.00275017	-0.0146586	-0.0423863	-0.0183804	-0.0423236	0.191972	-0.0290974	-0.0142876	-0.018579	-0.0436961	-0.0332449	-0.000613266	-0.0300059	-0.0312348	0.302228	-0.0167755	-0.0256903	-0.0278741	-0.0828102	-0.0360999	-0.0277895	0.00131839	-0.0176919	-0.025678	-0.0340417	-0.00738898	-0.0183661	-0.10707	0.0308157	-0.0198527	-0.0132151	0.130583	-0.0136611	-0.0211529	-0.0147028	-0.0460014	-0.0362897	-0.0434326	-0.0536845	-0.0243932	-0.0325051	-0.0267037	-0.023268	-0.0109147	-0.056658	-0.0344695	0.00151041	-0.0340767	-0.0328492	-0.0298601	-0.0253022	-0.0234444	-0.0246563	-0.0357019	-0.0203926	-0.0346237	-0.00735479	-0.0389369	0.0153978	0.282003	-0.0329362	-0.037341	0.0120866	-0.0433282	-0.00685428	-0.0286122	-0.0152907	-0.0329247	-0.0149263	-0.0197453	-0.0286778	-0.0157122	-0.054781	-0.0344877	-0.0190158	0.0138292	-0.0321133	-0.0216477	0.225214	0.0256851	-0.0436395	-0.023935	-0.0579135	-0.0142524	-0.0400586	-0.0158631	0.0239144	-0.0108353	-0.0313838	0.0313895	-0.0291189	0.0624309	-0.0532736	0.0500058	-0.0206356	-0.00484755	-0.0662963	-0.0458338	-0.0232591	0.00430873	-0.0135781	-0.0104312	-0.0249976	0.0110423	-0.0229314
-0.0480564	-0.0356501	-0.10435	-0.134743	-0.0460993	1	-0.0326881	-0.0554034	0.199736	-0.111068	-0.0769745	-0.127746	-0.164704	-0.0134427	-0.0255967	-0.0314397	0.222021	-0.00973141	-0.0282925	-0.0253535	0.740905	-0.0325347	-0.0273949	-0.0774733	-0.0543247	-0.0298112	-0.0173111	-0.00886648	-0.0276333	0.6578	-0.0435043	-0.0294213	-0.0211765	-0.0304718	-0.00905412	-0.0295672	-0.0165817	-0.0506279	-0.0226751	-0.0317244	-0.0175297	0.102106	-0.0131122	-0.0174809	-0.0298624	-0.0279938	0.0253106	-0.0484135	-0.0371356	0.0967475	-0.0139223	0.0161996	-0.0109722	-0.0251152	-0.0396292	-0.00677258	-0.017013	0.388167	-0.0385522	-0.0494631	-0.0282621	0.0409972	-0.0103268	0.0593981	0.0144213	-0.0348963	-0.0215737	-0.0106797	-0.0148592	0.0124674	-0.00647027	-0.0182103	-0.033643	-0.0153676	0.0393738	-0.00991543	-0.0120549	-0.00879339	-0.0490963	-0.00072546	-0.0169139	-0.0227058	0.266149	-0.0418002	-0.0366191	-0.0362762	0.0292596	-0.0110752	0.0334439	0.0984024	-0.0224173	-0.0353835	0.0936527	0.185489	-0.0125844	0.0517306	0.0584311	0.0315341	-0.0232091	0.006459	-0.0638796	-0.0179448	-0.0177048	-0.0274211	-0.0479389	-0.036956	0.143808	-0.020952	0.184929	-0.0315533	-0.00917648	-0.0344008	-0.0400703	-0.0177354	-0.0174859	-0.0226081	0.0127841	0.0181728	-0.0165402	-0.0136144	-0.027946	-0.00620586	-0.0559904	-0.0130954	-0.0242089	0.00606481	-0.0102806	0.0158933	-0.0136577	-0.0136458	-0.0135823	-0.0258373	-0.0176812	0.0117281	-0.0254828	-0.0127788	-0.00236501	-0.0144074	-0.0494539	0.0463374	0.0959553	-0.0210335	0.0664394	-0.00728851	0.00723609	-0.0354291	-0.0185691	-0.0167097	-0.0133889	-0.00716237
-0.0641059	-0.0368988	-0.0965502	0.24863	-0.026542	-0.0326881	1	-0.0383836	-0.183905	-0.106262	-0.0855543	-0.139631	0.192333	-0.0217789	-0.0432454	-0.0260403	-0.131324	-0.0329283	-0.0238639	-0.033838	-0.0193732	-0.0198511	-0.0314417	-0.0644728	-0.0245908	-0.0475185	0.665766	-0.0319324	-0.0386827	-0.0349518	-0.0632099	-0.0327771	-0.0339009	-0.0301406	-0.0213943	-0.0452608	-0.026548	-0.0474515	0.477665	0.455989	-0.0131979	-0.00284597	-0.0848521	-0.0203613	-0.0295191	-0.0216532	-0.0196468	-0.0582532	0.059724	-0.0274621	0.0481718	-0.0154746	-0.0461698	0.0323902	-0.0483924	-0.0280408	-0.0236626	-0.00222267	-0.0432861	0.0325206	-0.0427814	-0.0291294	-0.0271603	-0.0424087	0.208384	0.0176971	-0.0235252	-0.0106109	-0.00593736	0.237414	0.176083	0.30008	9.38039e-05	-0.0237516	0.00523406	-0.0267207	0.0105111	0.0572774	0.0230655	0.425883	0.019683	-0.013421	-0.00709149	0.00737975	-0.0062257	-0.00812714	0.0695277	-0.0207808	-0.0174941	0.0214478	-0.00548617	-0.0345207	0.00508161	-0.00771416	-0.0269978	-0.0245297	-0.0473243	-0.0418765	-0.00495258	0.0541194	-0.0466612	-0.0489758	-0.0411907	-0.0327886	-0.0200938	0.00600819	-0.0311847	-0.0174952	0.00210539	-0.0545743	-0.0240123	-0.0604399	0.00136412	-0.0120943	-0.0272252	0.175488	-0.00973789	0.0091465	-0.0647164	-0.024815	-0.0105203	-0.0248366	-0.0153737	-0.01283	-0.025331	0.00170946	-0.00988259	0.0613878	-0.0228353	-0.0275206	-0.0017249	-0.0164776	-0.0095116	-0.0444811	-0.015941	0.0239036	-0.00760315	-0.00715189	-0.0282863	-0.0104049	-0.0238464	0.0220696	-0.00737819	-0.00121059	0.00498614	-0.0130133	-0.038006	0.0112834	-0.0179656	0.00327273
-0.0647183	-0.0409373	-0.121757	-0.163942	-0.0455666	-0.0554034	-0.0383836	1	0.222705	-0.110207	-0.0859258	0.298537	0.237018	-0.0303054	-0.0239128	-0.0313729	-0.179623	-0.0310855	-0.0206596	-0.0273821	-0.035926	-0.0331718	-0.0240086	-0.0402938	-0.0415159	-0.0361029	-0.0264875	-0.0317792	-0.0379526	-0.0532998	-0.0539473	-0.0447206	-0.0312505	-0.036275	-0.0244383	-0.0382147	-0.0229874	-0.0377212	-0.0437459	-0.0513782	-0.0177595	-0.0690571	0.00277179	-0.0247466	0.144111	-0.0298753	-0.0342867	-0.0446725	-0.020975	0.375463	-0.130555	-0.0242356	-0.0352366	-0.0406288	-0.0354777	-0.0409612	-0.0328094	-0.0135259	-0.01898	-0.0390576	-0.0273441	0.290591	-0.0337576	-0.0478162	0.18051	-0.0077996	-0.023671	-0.0228172	-0.0314872	-0.0517249	-0.0674186	-0.0354034	0.0796162	-0.0357528	-0.0414448	-0.0176057	-0.0204589	-0.0071415	-0.0543586	-0.0267597	-0.0579615	-0.0276096	-0.0198765	-0.0686152	-0.0360342	-0.0581602	-0.0329644	-0.0234778	0.0109657	-0.0675902	-0.0212151	-0.0131512	-0.0293819	-0.0245667	0.00327362	-0.0481782	-0.0434357	-0.0469457	-0.0227404	-0.0218402	-0.0626618	-0.0363149	-0.0133862	-0.00762062	-0.0275468	-0.0416545	0.0614241	-0.010176	0.110818	-0.0489655	0.00507877	-0.044815	-0.0386664	-0.000578612	-0.0167638	-0.0114477	-0.00841835	0.100584	-0.0666351	0.00443538	-0.0134866	-0.022476	-0.0511246	-0.00538702	-0.0223987	-0.0368203	-0.0447072	-0.0238925	-0.0196817	-0.0244765	-0.0251018	-0.0245408	-0.00114891	0.0110435	-0.00705901	-0.00679827	0.0750551	-0.024237	-0.0181676	-0.00199873	-0.0207359	-0.0652142	0.0683191	-0.0435981	0.0269488	-0.00471599	0.0200136	0.00428172	0.0556869	-0.0236709
0.199831	0.188012	-0.502728	-0.376449	-0.216334	0.199736	-0.183905	0.222705	1	-0.519565	0.482603	0.749169	0.691549	-0.103932	0.109759	0.155006	-0.0447777	-0.136461	0.145639	0.133524	0.148814	-0.131279	0.11678	-0.348452	-0.234463	-0.0691838	-0.127951	-0.133156	0.182526	0.218794	0.0690774	0.167892	0.132668	0.140664	0.134534	-0.173632	0.109355	0.264549	-0.186798	-0.0807653	0.0449962	0.138477	0.107415	0.0665298	-0.0176506	0.0507164	0.00800429	0.0309559	-0.107244	0.0931106	-0.00845554	0.0390444	-0.116425	0.0617385	0.0549342	0.176905	0.0171155	0.0729454	0.12245	-0.0278762	-0.0325797	0.0693227	-0.0806755	0.0867751	0.013548	-0.0302853	-0.0547984	0.0260364	-0.0342632	-0.0529534	-0.0944526	-0.0531566	-0.0800171	-0.0837188	-0.0150681	0.0994524	0.0751852	0.0779744	0.00755145	-0.0753692	0.0991267	0.090335	0.0173175	0.0972262	0.0294245	0.101688	-0.0291623	0.0862502	0.0769484	0.0908293	0.124045	-0.0118617	0.00611773	-0.00448799	0.0818549	-0.000102997	-0.00141098	0.01219	0.00953989	0.0330573	0.0721071	-0.0729153	-0.0836811	-0.0114923	0.00115107	0.160989	0.0647403	-0.0277717	0.107201	-0.0583382	0.0771229	-0.0323424	0.161533	0.0821352	0.101294	0.025083	-0.0287813	-0.11302	-0.0660536	0.0499984	-0.0215359	0.0199334	0.142146	-0.0134371	-0.0116318	0.167218	0.13849	0.0207805	0.0893808	-0.00012923	-0.0658934	-0.0154955	0.0710266	0.126386	-0.0225729	0.0944276	-0.0687732	-0.0240574	0.00926888	0.0752059	0.0580661	0.0541902	0.0529067	0.118718	-0.0873521	-0.0604796	-0.0316496	0.034088	-0.0714825	-0.0202653
-0.171279	-0.0830966	-0.30725	-0.407512	-0.138596	-0.111068	-0.106262	-0.110207	-0.519565	1	-0.238468	-0.375914	-0.476926	-0.0742988	-0.0815933	-0.0814528	-0.437142	0.0599673	-0.0867874	-0.0679695	-0.0810756	-0.073741	-0.0581344	0.63413	-0.127291	-0.103792	-0.0621475	0.0602014	-0.0920708	-0.118145	-0.142786	-0.0822666	-0.0655729	-0.0713115	-0.0793819	0.348252	-0.0461355	-0.13578	-0.0133915	-0.0342478	-0.0416645	-0.120895	-0.204204	-0.0379876	0.20401	-0.0348957	-0.0258888	-0.108354	0.0980635	-0.00613763	-0.120018	-0.046593	0.226531	-0.0248094	-0.0912455	-0.0955257	-0.012426	-0.0468164	-0.0698716	-0.0867919	-0.0299416	-0.0684648	-0.0578628	-0.162962	-0.0677527	-0.04574	-0.0452787	-0.0382813	-0.0785742	-0.0288696	-0.0579844	-0.0329011	0.259693	-0.0559552	-0.0163372	-0.0616038	-0.125653	-0.0495059	-0.0189549	-0.0345576	-0.0509357	-0.0430224	-0.0505501	-0.0225224	0.0166661	-0.0269984	0.00381411	-0.0238333	-0.0466949	-0.0582529	-0.0740654	-0.0535818	-0.0555601	-0.0248404	-0.0262668	-0.0259977	-0.0210628	-0.0608019	-0.0255148	0.0156232	-0.0571168	0.052714	0.186521	-0.0584191	-0.0897522	-0.0906626	-0.0388175	0.013367	-0.0355809	0.0261037	-0.0293984	0.0170312	-0.0907027	-0.0435943	-0.0451547	-0.0522576	0.0212923	0.186547	0.0377913	-0.0217636	0.00722197	0.062687	-0.11603	-0.0479298	-0.0563012	-0.0956973	-0.117953	0.00517568	-0.032017	0.0812535	0.133111	-0.0450064	-0.040193	-0.117378	0.0342864	-0.0496119	0.0121103	-0.00733281	-0.0248702	-0.0315596	-0.0416532	-0.00674842	-0.0559964	-0.0455013	0.0480892	0.0468792	-0.0251849	-0.0387739	0.0169243	0.0672987
-0.116276	-0.0604628	-0.267811	-0.334391	-0.122692	-0.0769745	-0.0855543	-0.0859258	0.482603	-0.238468	1	0.637825	0.501615	-0.0463724	-0.0687512	-0.0657582	-0.128594	-0.0628056	0.314752	-0.0555641	-0.0436191	-0.0635578	-0.0468369	-0.166082	-0.121387	0.0706656	-0.0525304	-0.0626106	0.369612	-0.0933021	0.304264	0.352332	-0.0607278	0.299452	-0.0605869	-0.0741181	-0.0390346	-0.116757	-0.0818527	-0.0835391	0.163776	-0.113553	0.154962	-0.0389761	-0.220687	-0.0262325	-0.0462421	0.235083	-0.0655991	-0.0578986	0.139229	-0.0406117	-0.0536818	-0.0470512	0.228169	-0.0807241	-0.0478727	-0.0338025	0.291139	-0.00505337	0.0590934	-0.0320165	-0.0193597	0.0979675	-0.0398312	-0.0513955	0.0291503	-0.0411384	-0.0229099	-0.0359959	-0.026623	-0.0314664	-0.209026	0.00911976	-0.0275458	-0.0303675	0.144829	0.0837573	-0.0224763	-0.0314465	-0.0100863	-0.0468346	-0.0507186	-0.0604591	-0.064368	-0.0647637	-0.0247809	-0.0248855	0.116785	-0.0810482	-0.0641299	0.0755136	-0.0140813	-0.0481434	0.155676	-0.126378	-0.12444	-0.037723	0.00679654	0.0413782	-0.0572729	-0.0911309	-0.0526488	0.0644774	0.16053	-0.0843293	0.0119248	-0.00623632	-0.0104172	-0.0633377	0.146318	-0.0154819	-0.0871959	-0.0266521	0.131822	0.0360598	-0.0265128	-0.0901806	-0.0724678	0.0891851	0.0237333	-0.0348731	-0.00557575	0.0262186	0.0593805	-0.0753179	-0.0378269	0.0202348	-0.0321856	-0.0361045	-0.0123988	0.0507566	-0.0169626	0.0558429	0.00926355	0.19906	0.00824431	0.0326271	0.128134	-0.0303864	-0.010453	-0.0058607	-0.0640014	-0.0549746	-0.0568619	-0.0223342	0.0224587	-0.0442624	-0.0302484	-0.00774193
-0.209647	0.257613	-0.374926	-0.510567	-0.169034	-0.127746	-0.139631	0.298537	0.749169	-0.375914	0.637825	1	0.679667	-0.0815729	0.167951	0.183624	-0.365746	-0.105035	0.199641	-0.0711145	-0.080071	-0.0964428	0.123841	-0.254089	-0.181706	-0.0119757	-0.10041	-0.105785	0.24015	-0.140195	0.152027	0.228787	-0.0738528	0.185438	-0.0926298	-0.125256	0.143813	-0.174511	-0.15057	-0.0320447	0.0830288	-0.161904	0.123515	0.0885403	-0.125803	0.0667677	0.0151711	0.106915	-0.069502	0.0833322	0.0463574	-0.0576542	-0.0923414	0.0527614	0.119071	-0.129794	0.0397941	-0.0434827	0.182221	0.0245732	0.00752314	0.0825151	-0.0554208	0.115768	0.0270687	-0.0629403	-0.0172585	0.0499944	0.00267283	-0.0538763	-0.0709285	-0.0452735	-0.17648	-0.0448749	-0.0271056	-0.0359018	0.150651	0.103828	-0.0999472	-0.0549444	0.0368952	-0.0840027	-0.0540096	-0.0731785	-0.119121	0.0130991	-0.0294072	0.110556	0.0884544	-0.0182088	-0.108523	0.0455592	-0.000678005	-0.0532574	0.109201	-0.148923	-0.157247	-0.0953003	-0.0154311	0.0507815	-0.0706923	-0.0965139	-0.0528277	0.0290297	0.0717617	-0.0410172	0.0475754	-0.0148327	0.023208	-0.0506867	0.100068	-0.0146904	-0.0382018	-0.0477825	0.0892009	0.0778726	-0.0367921	-0.0793917	-0.0700887	0.0686956	0.00380389	0.0323661	-0.00830195	0.0103733	0.0238147	-0.0454474	-0.028433	0.0529401	-0.0337508	0.0161623	-0.0441257	0.0190396	-0.00870218	0.0333413	0.00767984	0.12722	0.011892	-0.00576113	0.0623818	-0.0437855	-0.0425968	0.00286554	-0.0331102	-0.0106982	-0.0738682	-0.0375206	0.0116575	-0.0385078	-0.0606344	-0.00889999
0.336347	0.204967	-0.452501	-0.104009	-0.202882	-0.164704	0.192333	0.237018	0.691549	-0.476926	0.501615	0.679667	1	0.143257	0.1672	-0.1478	-0.236801	0.0541273	0.157274	0.149094	-0.10343	-0.122471	-0.115891	-0.321259	-0.222355	-0.0605504	0.134027	0.0543198	0.200753	-0.18685	0.0891193	0.180914	0.144942	0.160307	-0.118444	-0.169854	0.102585	0.293247	0.154473	0.183101	0.0588915	0.0963793	0.0757605	0.0788166	0.00227968	-0.08952	-0.00916223	0.0449981	-0.0791253	0.0508819	-0.00259698	0.115143	-0.127152	0.100725	0.0677271	0.193607	-0.0903652	-0.0637038	0.141407	0.00669549	-0.0310145	0.110018	-0.0909164	0.0714969	0.109953	-0.0858769	-0.0438608	-0.0779309	-0.0195308	0.0700245	-0.00350559	0.0413446	-0.0656458	-0.076443	0.041223	-0.0225974	0.0509181	0.10923	-0.013593	0.0907394	0.139125	0.105156	-0.0815958	0.0761061	-0.0189387	0.126824	-0.0134896	0.0790189	0.06777	0.072268	0.143484	0.000632823	-0.0411242	-0.0674623	0.0894705	-0.112771	-0.127078	-0.0827602	0.0068956	0.0535661	0.0304852	-0.181271	-0.0864357	-0.0145802	0.0261946	0.206896	0.0405233	-0.0319749	0.00264947	-0.151637	0.0824356	-0.120041	0.205909	0.0990594	0.059343	0.118955	-0.055142	-0.113611	-0.154441	0.0498024	-0.0145776	0.0127428	0.186538	-0.0222487	-0.0102923	0.196858	0.166401	-0.000395571	0.0951563	-0.00248606	-0.0555087	-0.0137142	0.00560322	0.13703	-0.0159412	0.118863	-0.0768701	-0.00292481	0.0341778	0.0697046	0.0431867	0.0649257	0.00806284	0.136285	-0.0973969	-0.0503058	-0.0160337	0.0504592	-0.0683346	-0.0101251
0.366673	-0.0229033	-0.0771755	0.146584	-0.0278368	-0.0134427	-0.0217789	-0.0303054	-0.103932	-0.0742988	-0.0463724	-0.0815729	0.143257	1	-0.0191868	-0.0254998	-0.105368	0.764645	-0.0205709	-0.0233391	-0.00175508	-0.0236434	-0.0153834	-0.048974	-0.0257731	-0.0269968	-0.0245608	0.759255	-0.0171869	-0.0190107	-0.0316652	-0.021756	-0.0233855	-0.00791073	-0.0131951	-0.0217502	-0.0193753	-0.02963	0.548363	0.2268	-0.0230595	0.165816	0.0495315	-0.000873999	0.0550932	-0.0205853	0.288074	-0.0378035	-0.0188952	-0.00691169	0.00926408	0.291505	-0.0174265	-0.0133821	-0.0379824	-0.0275501	-0.00177477	-0.000259968	-0.0286097	-0.0264485	-0.00931688	0.0017493	-0.0229931	0.0484362	-0.0159916	-0.00674663	-0.00969882	-0.00852884	-0.0208964	0.222019	0.141992	-0.0167177	-0.0458314	-0.00728643	0.327504	-0.00126698	-0.0698058	-0.023421	0.00105464	-0.0167684	-0.0283771	-0.0104422	-0.0103201	-0.0185718	0.00191284	-0.0265626	-0.0150199	-0.0143079	-0.0134915	-0.0301989	-0.0215838	0.00668315	-0.0196005	-0.0154635	-0.0113125	-0.0253014	-0.0256504	-0.0247683	0.00931485	-0.020477	-0.0220531	-0.0188386	-0.0270274	-0.00120597	-0.028692	-0.0279178	-0.02564	0.00711898	-0.0209468	-0.0198476	-0.0105857	-0.0214986	-0.0257825	-0.0110989	-0.0189233	-0.0166784	-0.00547816	-0.0365187	0.0470803	-0.00147476	-0.00626693	-0.0175829	-0.00527387	-0.00817044	-0.00557078	-0.011231	-0.00832241	0.0200614	-0.0265383	-0.0155978	-0.0172547	-0.00213863	-0.0121899	0.0456138	-0.00455837	-0.0222269	-0.0107345	0.0820037	-0.0180416	-0.0162221	0.0370681	0.000137719	-0.00874757	-0.0419489	0.0082018	0.0229329	0.054123	-0.0132445	0.0328849	-0.00432557
-0.0613699	-0.0356965	-0.0208902	-0.0736321	-0.0310082	-0.0255967	-0.0432454	-0.0239128	0.109759	-0.0815933	-0.0687512	0.167951	0.1672	-0.0191868	1	-0.0230156	-0.138277	-0.0279833	-0.0160925	-0.0253564	-0.0229965	-0.017983	-0.0157226	-0.0574338	-0.0381655	-0.0313693	-0.0325013	-0.0284955	-0.0398474	-0.0255889	-0.0499038	-0.0171995	-0.0229639	-0.0328409	-0.0130726	-0.0269466	0.654874	-0.0560785	-0.0470943	-0.051679	-0.0244271	-0.0614027	0.113359	-0.0277106	-0.0466047	-0.0187617	-0.0195174	-0.0422894	-0.0279154	-0.0179252	0.0548794	-0.0157747	-0.0148235	-0.0308385	-0.0346284	-0.0451812	-0.0144699	-0.0166067	-0.0273807	0.267904	-0.0220604	0.168067	-0.0170843	-0.038786	0.0849006	0.0148001	-0.0192466	-0.016228	-0.0369062	-0.0379009	-0.0550671	-0.0430821	-0.0744823	-0.0259353	-0.0123507	-0.0101145	0.120109	-0.0235381	-0.0586001	-0.0285794	-0.0611614	-0.0268458	0.0135184	-0.0797265	-0.0440997	-0.0553682	-0.0294626	0.508958	-0.0250291	-0.0508517	-0.0330648	-0.0221714	-0.0239257	-0.0095031	-0.0193712	-0.0453085	-0.0421871	-0.0592163	-0.0204869	-0.0161636	-0.0774786	-0.0223893	-0.0237619	-0.0269693	-0.039932	-0.0493855	0.124079	0.0272856	0.0179319	0.0873924	-0.0232195	0.0780621	-0.0427999	-0.0116519	0.0218729	-0.0303544	-0.0212188	-0.022712	0.101845	-0.025383	-0.00863599	0.30504	-0.0688636	-0.00436479	-0.015774	-0.0569077	-0.0629738	0.110329	-0.008343	0.262684	-0.00354346	-0.0202609	-0.0162511	-0.0815559	-0.0112956	-0.0277784	-0.00857261	-0.0272762	-0.0221189	-0.0125938	-0.0179893	0.0178401	-0.00751079	-0.0359873	-0.0447142	-0.0161321	-0.00452567	-0.0230517	-0.0438653	-0.0179087
-0.0536977	-0.0338359	-0.0168827	-0.0611702	-0.0147323	-0.0314397	-0.0260403	-0.0313729	0.155006	-0.0814528	-0.0657582	0.183624	-0.1478	-0.0254998	-0.0230156	1	-0.13201	-0.0336989	-0.0252617	-0.0196871	-0.0336065	-0.0126424	0.786467	-0.0733783	-0.0290151	-0.0358751	-0.0290704	-0.0341884	-0.0199916	-0.033419	-0.0449388	-0.0251625	-0.0174697	-0.0157259	-0.0219851	-0.0336121	-0.0119991	-0.0448385	-0.0479591	-0.0477185	-0.0282977	-0.0573351	-0.061905	-0.0151964	0.0397569	0.442903	0.237957	-0.0424082	-0.00993611	0.00349635	0.0229576	-0.0375766	-0.0219819	-0.0284271	-0.0337969	-0.0256487	0.331593	-0.00467331	-0.0237783	-0.0271112	-0.0312388	-0.0254089	-0.0141992	-0.0573452	0.0431431	-0.00624794	-0.0209386	0.32247	-0.0457156	0.04836	0.0308397	0.0810312	-0.0558074	-0.0280902	-0.00666833	0.0586515	0.0908861	-0.00620408	-0.0206439	-0.0215655	-0.0303243	-0.0049351	-0.000791665	0.000321988	-0.00399151	-0.00741622	-0.0175151	-0.0178027	-0.00188832	-0.000122359	-0.0180995	-0.0250189	0.0690861	-0.0225969	-0.0117978	0.0662661	0.0676017	0.0418259	-0.0205281	0.00340364	0.041912	0.100187	-0.0327442	-0.0141897	-0.0161738	-0.0321045	-0.0253771	-0.00676099	-0.0138522	0.0702646	-0.0130036	0.0661782	-0.0239728	-0.0248557	-0.0232658	-0.0262143	-0.0147014	-0.0300842	0.080664	0.00256401	-0.0260884	-0.019989	-0.0339348	0.00325155	-0.0314915	-0.0360566	-0.0414733	0.0987626	-0.00257901	-0.02109	-0.0196896	-0.015613	0.00833212	-0.039009	-0.0217983	0.00307799	0.0353567	-0.0172539	-0.0164606	-0.0275733	-0.0262551	-0.0195664	-0.0161387	-0.0259242	-0.0284438	-0.0224188	-0.00794443	-0.00502489	-0.0354901	-0.0193002
0.237242	-0.163611	0.550067	0.595475	0.27285	0.222021	-0.131324	-0.179623	-0.0447777	-0.437142	-0.128594	-0.365746	-0.236801	-0.105368	-0.138277	-0.13201	1	-0.149755	-0.111029	0.165474	0.168405	0.173896	-0.100311	-0.338841	0.318798	0.252947	-0.0994408	-0.14946	0.214681	0.268623	0.339304	-0.141211	0.164437	0.165525	0.167264	-0.164561	-0.0919291	0.331354	-0.193211	-0.193351	0.119737	0.213397	0.034275	-0.0612205	-0.125314	-0.0422482	-0.038895	0.00342373	-0.0810614	-0.0762489	0.133726	0.0510624	-0.0856411	-0.0468388	-0.0264838	0.24163	-0.00828208	0.0877234	-0.122094	0.0757998	0.0971406	-0.0732656	0.123872	-0.00199633	-0.095705	0.102178	0.0672501	0.000546998	0.0667898	-0.0650598	0.0287725	-0.0538079	-0.113035	0.114538	-0.0199316	0.0941865	0.0600332	-0.0676904	0.0527146	-0.0648664	0.0170123	0.119436	0.105767	0.0428265	0.0471348	0.0381084	0.00330084	-0.089096	-0.0511128	0.0783714	0.173961	0.0266101	0.0410768	0.0980423	-0.0099163	0.141203	0.145252	0.146707	0.03953	-0.0680756	0.129444	0.0206261	-0.104427	0.0394168	0.130464	0.128319	-0.0322464	0.007413	0.00571201	0.00926073	-0.00553745	0.00371136	0.121757	0.101511	-0.03434	-0.0525876	-0.00673407	-0.129312	0.00756864	-0.0353949	-0.00783703	-0.078559	0.11764	0.06799	0.0296775	0.134392	0.134621	-0.105053	0.0956459	-0.0834622	-0.0684303	0.0229097	0.0492442	0.110525	-0.016953	0.111563	-0.00996586	-0.0118624	0.0759111	0.0882118	0.0935652	-0.0190032	0.0704145	0.0618902	-0.0163805	-0.0133208	-0.00854087	0.0613618	0.00220998	-0.0440173
0.259678	-0.0249983	-0.101185	0.0576544	-0.0451624	-0.00973141	-0.0329283	-0.0310855	-0.136461	0.0599673	-0.0628056	-0.105035	0.0541273	0.764645	-0.0279833	-0.0336989	-0.149755	1	-0.0230902	-0.0294722	-0.0135546	-0.0247773	-0.0199382	-0.0664949	-0.046695	-0.0335046	-0.0312144	0.992899	-0.0270327	-0.0343567	-0.0423487	-0.0282945	-0.031873	-0.0207303	-0.0223082	-0.0323663	-0.0224424	-0.0486372	0.716758	0.418568	-0.0329372	0.117741	0.0127172	-0.0138136	0.0149321	-0.0113031	0.236747	-0.0514713	-0.0262636	-0.0159631	0.0506858	0.232759	-0.0205956	-0.00820319	-0.0569994	-0.0332242	-0.00879682	-0.0163992	-0.0434527	-0.0407259	-0.00209312	-0.00531743	-0.034729	0.0140686	-0.021101	-0.0182328	-0.00371635	0.00582848	-0.0310268	0.184263	0.105138	-0.0215533	-0.0651487	-0.0106373	0.261249	-0.0118866	-0.0121764	-0.0183214	-0.020968	-0.0235005	-0.0234813	-0.0201024	-0.0128122	-0.0319266	-0.0174043	-0.0197718	-0.00728939	-0.0123124	-0.0120645	-0.0229607	-0.0267633	-0.00942781	-0.0269543	-0.0181337	-0.00809757	-0.0409307	-0.039841	-0.0456686	-0.00738495	-0.0273818	-0.0354875	-0.0288737	-0.0250791	-0.00988891	-0.0579199	-0.0237722	-0.0130733	0.00157261	-0.0327343	-0.0337999	-0.00694796	-0.0340761	-0.0234071	-0.0153302	-0.0259536	-0.0362739	-0.0126892	-0.0525113	0.0339272	-0.00276134	-0.00595991	-0.016033	-0.0110733	-0.0182507	-0.00728501	-0.00903308	-0.00988097	-0.00295132	-0.0252375	-0.00825468	-0.0138308	-0.00560923	-0.0235119	0.0184699	-0.00469667	-0.030856	-0.0514661	0.0533499	-0.0420983	-0.0118827	0.0289182	0.0465129	-0.0192609	-0.0317177	0.0544336	0.0201881	0.055905	-0.0143187	0.0193475	0.26013
-0.0550234	-0.0156673	-0.0731255	-0.105427	-0.0410414	-0.0282925	-0.0238639	-0.0206596	0.145639	-0.0867874	0.314752	0.199641	0.157274	-0.0205709	-0.0160925	-0.0252617	-0.111029	-0.0230902	1	-0.0230159	-0.0247944	-0.0150748	-0.018201	-0.0659628	-0.0470612	-0.0345826	-0.0188476	-0.0257653	-0.0147919	-0.040626	-0.0387	-0.011926	-0.0230623	-0.013528	-0.0302127	-0.025534	-0.00533292	-0.0513527	-0.0279901	-0.0309668	-0.017329	-0.053506	0.126395	-0.00480505	-0.101974	-0.00870204	-0.0198719	0.292342	-0.00724303	-0.013005	0.107688	-0.0216739	-0.0225854	-0.0160412	0.2493	-0.0239368	-0.0111029	0.00402804	0.366341	-0.0142746	-0.0244348	-0.0129452	-0.0087487	-0.0219574	-0.0229112	-0.0170158	0.0303271	-0.0189164	0.000590222	-0.0241614	-0.00902881	-0.0235013	-0.0786358	0.0206144	-0.0176901	-0.0211864	0.0898093	0.00885456	0.102022	-0.00999833	-0.0293533	-0.0165958	-0.00443678	-0.0507767	-0.0397985	-0.0277164	-0.0094501	0.018145	-0.00430135	-0.0275769	-0.0147182	0.239946	-0.001259	-0.0070387	0.00593537	-0.0386387	-0.0412441	0.0739858	0.0422373	0.00928328	0.0537545	-0.042945	-0.0210914	0.233014	-0.0356637	-0.0282805	-0.0303626	0.0301926	-0.00773951	0.0827407	0.00686055	0.0797581	-0.0281772	-0.0110043	-0.0159959	0.00714805	0.00359375	-0.0283827	-0.000916126	0.00436959	0.0181165	0.00898336	0.107559	-0.0201501	0.213178	-0.0309269	0.0836484	0.0180189	-0.0168314	0.0138683	-0.0169979	0.19097	-0.0226636	0.00572357	-0.0147956	-0.0149446	-0.0602911	-0.0231882	-0.0436164	-0.0130088	-0.0145064	0.0704069	-0.0170766	-0.0203288	-0.0355543	-0.0153078	0.0540015	0.00515348	0.0502026	-0.00772684
0.38748	-0.019383	-0.069226	0.158757	-0.0104915	-0.0253535	-0.033838	-0.0273821	0.133524	-0.0679695	-0.0555641	-0.0711145	0.149094	-0.0233391	-0.0253564	-0.0196871	0.165474	-0.0294722	-0.0230159	1	-0.0185479	-0.0022971	-0.020891	-0.0484719	-0.0302979	-0.0277656	-0.0240937	-0.0298484	-0.0229942	-0.0369232	-0.0344814	-0.0135053	0.979968	-0.0216073	-0.0300895	-0.0239632	-0.0187902	0.497355	-0.0396029	-0.0326804	-0.0224402	0.199369	-0.0814932	0.00459833	0.123922	-0.0227485	0.0132351	-0.030676	-0.0247516	-0.027087	-0.083206	0.0224424	-0.0218161	-0.00483699	-0.0224989	0.475983	-0.0197517	-0.00797166	-0.0234075	-0.0315153	-0.0260111	-0.0273421	-0.0101603	-0.0475763	-0.0432542	-0.0295272	-0.0279301	-0.0110937	-0.0215342	-0.00951867	-0.0323546	-0.0275671	0.132427	-0.0352438	0.0128788	-0.0106315	-0.101931	-0.0258225	-0.0643068	-0.0197082	0.325551	-0.00591082	-0.0150196	0.18614	-0.0405104	0.378841	0.0132449	-0.0212833	-0.0251376	0.311998	-0.0156592	-0.0420098	0.0147572	0.0203255	-0.0193134	-0.0326313	-0.0325317	-0.0555576	-0.0355545	-0.0170262	0.120279	-0.048822	-0.0143869	-0.0395523	-0.0308619	0.295151	-0.0238922	-0.0176069	0.00458153	-0.0715016	-0.0214977	-0.0753091	0.295718	-0.00666512	-0.00941715	-0.0260435	0.0045687	-0.0286959	-0.05884	-0.0193065	-0.0092848	-0.0187402	0.190194	-0.0194134	-0.0307413	0.231674	0.189598	-0.0659203	0.619534	-0.0273076	-0.00577378	-0.0232099	-0.0167615	0.0895649	-0.018823	-0.00912529	-0.0762526	-0.00837615	-0.0240358	0.000846561	-0.00634997	0.0869211	-0.033397	0.296155	-0.0694354	-0.0222056	-0.0293919	-0.0235189	-0.0767788	0.000296145
-0.0305586	-0.0306435	-0.0843368	-0.100478	-0.0399613	0.740905	-0.0193732	-0.035926	0.148814	-0.0810756	-0.0436191	-0.080071	-0.10343	-0.00175508	-0.0229965	-0.0336065	0.168405	-0.0135546	-0.0247944	-0.0185479	1	-0.027638	-0.0284709	-0.0519517	-0.0389466	-0.0198468	-0.0143305	-0.0140395	-0.0208173	0.465029	-0.0300464	-0.0207646	-0.015632	-0.0289536	-0.0145428	-0.014237	-0.00673251	-0.0367222	-0.0234879	-0.0265294	0.000651665	-0.00413831	0.030109	-0.013753	0.0226003	-0.0242318	0.00822041	-0.0442148	-0.0318482	0.147425	-0.0955478	0.00533065	-0.00823875	-0.0271649	-0.0384103	0.00777311	-0.0211444	0.530367	-0.0340981	-0.026833	-0.026089	0.0606821	-0.0208036	0.106347	0.0277156	-0.0291389	-0.011253	-0.0165884	-0.0161738	0.00577786	-0.00686085	-0.0180697	0.0121734	-0.00483105	0.0224285	-0.0156354	-0.083145	-0.0156044	-0.0282615	-0.01087	-0.0206345	-0.0240739	0.345932	-0.0304698	-0.0198264	-0.0351114	0.0236841	-0.0237734	0.0464333	0.131224	-0.0253444	-0.0276044	0.13871	0.237694	-0.0152133	0.0932046	0.0992231	0.0729975	-0.010478	-0.0120542	-0.0507451	-0.0016608	-0.0150021	-0.0183473	-0.0374801	-0.0400407	-0.0294183	-0.0135044	0.24538	-0.0198542	-0.0144039	-0.024005	-0.041405	-0.0192487	-0.0225773	-0.00967275	0.00317434	0.0700518	-0.00948925	-0.0206667	-0.0225832	-0.0262672	-0.0571303	-0.0143916	-0.0120385	-0.00850806	-0.0178835	0.0465498	-0.0148906	-0.0236865	-0.00854751	-0.017568	-0.0133518	-0.0112344	-0.0188697	0.000498601	0.0494093	-0.0150256	-0.0327143	-0.00775326	-0.0183771	-0.034487	0.0891312	-0.0318969	0.00479311	-0.0194512	-0.0150079	-0.0193319	-0.00796674	-0.00867436
-0.0360084	-0.0373967	0.247519	0.155831	0.506775	-0.0325347	-0.0198511	-0.0331718	-0.131279	-0.073741	-0.0635578	-0.0964428	-0.122471	-0.0236434	-0.017983	-0.0126424	0.173896	-0.0247773	-0.0150748	-0.0022971	-0.027638	1	-0.00324017	-0.0611719	-0.040712	-0.0258075	-0.0160404	-0.0252182	-0.0188766	-0.0384779	-0.033622	-0.0275692	-0.00268597	-0.0113158	-0.0327647	-0.0283996	-0.0114847	-0.0272704	-0.0301951	-0.0256603	-0.0232578	-0.0444404	-0.0868648	0.00112723	-0.103618	0.00258171	-0.02572	-0.0395798	-0.011688	-0.0339513	0.128825	-0.031973	-0.0126177	-0.0168086	-0.036772	-0.0294118	0.0165664	-0.0105024	-0.0215623	-0.0341223	-0.0107019	-0.021465	-0.0336985	-0.0614599	-0.039602	-0.022922	-0.00669042	-0.0209839	-0.0305797	-0.0360497	0.00474309	-0.0247035	-0.0750022	0.0596592	-0.0235754	-0.0204211	0.0932509	-0.0203802	-0.0255616	-0.0285209	-0.0268193	-0.0162748	-0.016039	-0.0583939	-0.0451482	-0.0158446	-0.0182462	-0.025395	-0.0190705	-0.0317644	-0.0316497	0.0328096	-0.0282354	-0.0175739	-0.0254223	-0.0248371	-0.0216885	-0.00797561	-0.0182874	-0.0260886	-0.011088	-0.00312118	-0.028278	0.041714	0.222901	-0.0211544	-0.0370154	0.0344126	-0.0331169	0.0121642	-0.0248042	0.00430991	-0.0201099	-0.0204778	-0.0218318	-0.0424229	0.00134664	-0.0247218	-0.0292125	-0.0222471	0.0111598	-0.0210964	-0.0058083	-0.0201485	0.0514437	-0.0331608	-0.0024251	-0.0703674	-0.00104179	-0.021445	-0.0130904	0.0470017	-0.0123692	0.0087108	0.0510905	-0.0185562	0.0400729	0.0141383	0.130804	-0.0248589	-0.0273184	-0.0456224	-0.0341432	-0.0109197	-0.00906909	0.00857013	-0.0185467	-0.0191873	-0.0180561	-0.00692801
-0.0411499	-0.0261864	0.0156455	-0.0257805	-0.00993691	-0.0273949	-0.0314417	-0.0240086	0.11678	-0.0581344	-0.0468369	0.123841	-0.115891	-0.0153834	-0.0157226	0.786467	-0.100311	-0.0199382	-0.018201	-0.020891	-0.0284709	-0.00324017	1	-0.0587863	-0.0229701	-0.0229755	-0.025357	-0.0203436	-0.0135193	-0.0280257	-0.0304094	-0.0185298	-0.01785	-0.0107784	-0.0193236	-0.01999	-0.0136668	-0.0405914	-0.0379618	-0.038001	-0.0175327	-0.0407663	-0.0349812	-0.00694431	0.0944234	0.567633	0.303795	-0.0251477	-0.00296215	-0.00639714	-0.0240502	-0.0307325	-0.0200044	-0.025667	-0.0219177	-0.0243717	0.421722	-0.0152071	-0.0220025	-0.0145385	-0.0230739	-0.00914587	-0.00532907	-0.0500719	0.080566	-0.00297937	-0.0103019	-0.00215532	-0.0368458	0.0755055	0.0553644	0.112322	-0.0354655	-0.0182731	-0.0155201	0.0489711	0.0723601	0.000478879	-0.00187328	-0.0216282	-0.0241794	-0.0140493	-0.0127876	0.0227125	0.01144	0.000583753	-0.0121698	-0.0197006	0.00209615	0.0086249	-0.0204828	-0.00886828	0.10685	-0.0135882	-0.00816327	0.00365246	0.00197158	-0.0106703	-0.0328071	0.00997158	-0.0069859	0.0276488	-0.0242572	0.00255274	0.00405289	-0.0310954	-0.0188236	-0.0110618	-0.0268666	0.0189417	-0.0103054	0.0156598	-0.025663	-0.0239553	-0.0161042	-0.0134976	-0.0128246	-0.0254193	0.0193665	0.00183266	-0.016479	-0.0164067	-0.0265393	0.0142786	-0.021407	-0.0385221	-0.0354521	0.0641193	0.00218475	-0.0182029	-0.0153093	-0.00221985	0.0143918	-0.0169547	-0.0143434	0.00121358	0.0571256	-0.0300078	-0.00380134	-0.0241392	-0.0209706	-0.0419944	-0.0118867	-0.0306659	-0.0188836	-0.00939724	0.00330274	0.00022479	-0.0256455	-0.00523508
-0.099025	-0.0732931	-0.183691	-0.244865	-0.0859126	-0.0774733	-0.0644728	-0.0402938	-0.348452	0.63413	-0.166082	-0.254089	-0.321259	-0.048974	-0.0574338	-0.0733783	-0.338841	-0.0664949	-0.0659628	-0.0484719	-0.0519517	-0.0611719	-0.0587863	1	-0.110797	-0.0804409	-0.0524415	-0.0678018	-0.076038	-0.08732	-0.115717	-0.063884	-0.0465038	-0.0589626	-0.0542765	0.518426	-0.0302178	-0.103898	-0.0938177	-0.0992996	-0.00853618	-0.149572	-0.147607	-0.0329359	0.292837	-0.0359805	-0.0516289	-0.0901081	-0.0465686	0.0317264	-0.224986	-0.0567444	0.31674	-0.0658557	-0.0755638	-0.0709433	-0.040885	-0.0345575	-0.0655331	-0.0820994	-0.0532514	-0.0574972	-0.0411123	-0.138061	-0.0758539	-0.0401345	-0.0359972	-0.0410972	-0.0636288	-0.0694369	-0.086702	-0.047456	0.352006	-0.0583794	-0.0411598	-0.0434247	-0.198453	-0.0589604	-0.104826	-0.0288446	-0.0993079	-0.0266463	-0.0395737	-0.128302	-0.0739333	-0.0848509	-0.0190883	-0.0333257	-0.0444829	-0.0929269	-0.0443728	-0.0675266	-0.0481342	-0.0329958	-0.0193451	-0.0535272	-0.0457233	-0.0735812	-0.0235295	0.000527012	-0.0896455	0.00651955	0.272202	-0.0342871	-0.0872413	-0.0853642	-0.0714013	0.0212649	-0.0528305	-0.0234675	-0.0228948	-0.0280178	-0.0858264	-0.0305704	-0.0243344	-0.0290557	-0.0104577	0.28527	-0.038225	-0.0141465	-0.0348722	0.0191412	-0.111925	-0.0275124	-0.0312349	-0.100441	-0.10722	-0.0562602	-0.0317676	0.0540926	0.179028	-0.030395	-0.0116833	-0.109156	0.00772525	-0.0495164	0.0131417	-0.0117827	-0.0407154	-0.0310348	-0.0408395	-0.00142872	-0.0514987	-0.0670106	0.046898	0.00385289	0.0131471	-0.0289602	0.0502664	-0.0335364
-0.0737536	-0.0497439	0.422456	0.318517	0.453009	-0.0543247	-0.0245908	-0.0415159	-0.234463	-0.127291	-0.121387	-0.181706	-0.222355	-0.0257731	-0.0381655	-0.0290151	0.318798	-0.046695	-0.0470612	-0.0302979	-0.0389466	-0.040712	-0.0229701	-0.110797	1	-0.0555306	-0.0174693	-0.0474802	-0.0432207	-0.0480841	-0.0709268	-0.062971	-0.0366101	-0.0379696	-0.0187279	-0.046294	-0.0237809	-0.0727448	-0.0504155	-0.0483459	0.0953291	-0.0299952	0.165984	0.000397709	-0.117309	-0.0110843	-0.0272424	-0.0682206	-0.0397933	-0.0362519	0.174827	-0.0326501	-0.0335403	-0.0374236	-0.0587096	-0.040546	-0.0142533	-0.0269524	-0.0517301	0.372503	-0.0267981	-0.0276341	-0.0242139	-0.087634	0.00202424	0.257512	-0.0210991	-0.021056	-0.0185415	0.000958216	-0.00578677	0.0237449	-0.0877885	-0.0120555	-0.0186126	-0.0227925	0.105108	-0.0281646	-0.0575715	-0.0206897	0.0160583	-0.0293696	-0.0423907	-0.0260435	-0.0449344	-0.0279871	0.0962535	-0.0142717	-0.025708	0.00638158	-0.0301298	-0.0303644	0.0162978	0.046712	-0.0315935	0.0847503	0.0896403	0.0614434	-0.0189538	-0.0311447	0.0422887	0.113944	-0.0404198	-0.0187817	0.102846	-0.0546468	-0.0161379	0.00389001	-0.0375771	0.0812667	-0.0300446	0.0722774	-0.053056	-0.0252174	-0.0238377	-0.0343126	0.000176113	-0.0179944	0.0755184	-0.0376933	-0.0214192	-0.024781	-0.051265	0.198444	-0.00447003	-0.0433238	-0.0235751	-0.0671482	-0.0231714	-0.0364172	-0.0179897	0.0240948	-0.0163751	-0.0348809	0.0327028	-0.0283735	0.0433084	-0.035761	-0.0485316	-0.0234055	-0.0297352	-0.0409848	0.083407	-0.0344725	0.0517548	-0.0374461	-0.0285952	-0.0353034	0.0531264	-0.0178346
