1	-0.0238622	-0.025784	0.241833	-0.0631097	-0.0507025	0.234064	-0.036447	0.195179	-0.0225818	-0.0203491	-0.0258278	0.269559	0.503068	-0.0567627	-0.0510414	0.264065	-0.101293	0.405463	-0.0420974	-0.0427464	-0.0445234	-0.0217128	-0.0417714	-0.00433873	-0.0361006	-0.0519562	0.0676427	-0.0353312	-0.0514897	-0.00352354	-0.0345445	0.0442149	0.00297585	-0.0322576	-0.0313569	-0.0130428	-0.0155209	0.0573918	0.135487	-0.07352	-0.0284786	-0.0515779	0.0146656	-0.0511155	-0.0289928	-0.0119008	-0.0780972	-0.0279304	-0.0609719	0.0338873	0.0739922	-0.0125226	0.146493	-0.0204146	0.0529107	-0.0390199	0.218703	-0.0784425	-0.0294781	-0.070084	-0.0340215	-0.0327072	0.0117982	-0.0229452	-0.0293056	-0.0412622	0.0127573	-0.0451639	-0.0290821	-0.00576524	0.0459513	-0.00368252	-0.054244	-0.0258705	-0.0449926	-0.0467898	0.0903718	0.0124847	-0.020143	-0.00848438	-0.0211243	-0.0538683	-0.0434809	-0.0273567	-0.0489953	-0.032024	0.00303109	0.373238	-0.00498356	0.011827	-0.00214596	-0.0425823	-0.0328673	-0.0278411	-0.0214457	-0.0589373	-0.0343358	-0.0121723	0.0682357	-0.024828	-0.0113847	0.0411359	-0.049771	-0.030081	-0.0519189	-9.98846e-05	-0.0167693	-0.0719038	0.0333866	-0.0371294	0.00769722	-0.0359388	-0.0140076	-0.015531	-0.0560443	-0.0104773	-0.104528	-0.0257569	0.00781193	0.0316933	-0.034398	-0.0137087	-0.0315948	-0.00954351	-0.0691765	-0.0187814	-0.00131049	-0.0153001	0.0469105	-0.0177509	0.128775	0.0510241	0.0603963	-0.0120552	0.171095	-0.0418202	0.02949	-0.0230081	-0.0363012	0.0172886	-0.0200023	-0.0257857	-0.0325652	0.137069	-0.0348745	-0.0334414	0.00959261	-0.0246671	0.0608401	-0.0114422	0.00640764	-0.0294461	0.00179505	0.0265905	0.0359866	-0.0271623	-0.0293316	0.0136513	-0.0195897	-0.030807	0.0105418	-0.0159528	-0.0281378	-0.00739037	-0.0147006	-0.00706905	0.0787079	-0.0365453	-0.0108125	0.0337112	-0.00628962	0.0791896	-0.0419961	0.00509426	-0.0496812	-0.0152785	-0.0118776	-0.0222717	0.00771117	-0.00877629	-0.0071366	-0.0388609	-0.0136423	-0.00818054	0.0643112	-0.0219822	0.12981	0.0263897	-0.0547661	-0.00414774	-0.0154104	-0.030603	-0.0361751	-0.0313155	-0.0196206	0.13397	0.037939	0.00213914	0.376209	-0.018282
-0.0238622	1	-0.0206121	0.250896	-0.0645724	-0.0684067	0.246833	-0.0396305	0.217423	-0.0440377	-0.0248364	-0.0490391	-0.113688	-0.0584269	0.360394	-0.0399005	-0.109298	-0.107883	-0.0718937	-0.0331631	-0.0646594	-0.0269726	-0.03047	-0.0416941	-0.030818	-0.0356635	-0.03903	-0.0819147	-0.0155664	-0.0441702	-0.0191393	-0.0115449	-0.108658	-0.0165325	-0.0458592	-0.041645	-0.0300203	-0.0324836	0.26869	-0.0616659	-0.0810812	-0.0240159	-0.0542572	-0.010443	-0.0578775	-0.0359427	-0.0113728	-0.101726	-0.0540206	-0.0742514	0.175873	0.0649603	-0.0191465	-0.0553256	-0.0161473	-0.0990198	-0.055589	-0.0134484	-0.0872334	-0.0233864	-0.0843186	-0.0218155	-0.0402302	-0.116693	-0.018935	-0.0276979	-0.0358325	-0.105512	-0.0168043	0.513363	-0.0212096	0.0022281	-0.0266572	-0.0503964	-0.0374018	-0.0564944	-0.0326334	0.262962	0.148081	0.0215202	-0.0212218	-0.0248071	-0.0562274	-0.0283356	-0.155122	-0.0387555	-0.0524342	-0.123028	-0.0182605	0.146649	0.0174252	-0.0207106	-0.0168814	-0.00920066	-0.0440554	-0.0198148	-0.0808976	-0.00922212	-0.037641	-0.0746097	-0.0230984	-0.0242161	0.00508474	-0.0535818	-0.0380127	-0.0740842	-0.0963223	-0.110658	-0.0528403	-0.0901901	-0.0197779	-0.116111	-0.0621622	0.023273	-0.00827921	-0.0628247	-0.0405326	-0.0912533	-0.0520707	-0.015221	0.133529	-0.03764	-0.0196268	-0.0529541	-0.099943	-0.0390085	0.0239458	0.406381	0.0177818	-0.0540643	-0.00915101	-0.0402978	-0.0850131	-0.0354329	-0.0156887	-0.0198537	0.0629504	-0.000256082	-0.027918	-0.0470259	-0.00570286	0.5757	0.438323	0.379633	-0.0387786	-0.0198088	-0.0265414	-0.00651534	-0.0152523	-0.0556896	-0.00875575	-0.0235936	-0.0275278	-0.107894	-0.0136079	-0.0753911	-0.0331171	-0.0136396	0.0195068	-0.0218717	-0.0536539	-0.0731412	-0.0141573	-0.0328641	-0.0226293	-0.0267713	-0.0272603	-0.0674957	-0.0456829	-0.0156919	0.00561666	-0.00861231	-0.120393	0.153052	-0.0220072	-0.0140902	-0.0199752	-0.0355513	-0.00183358	-0.0586733	0.0292538	-0.00704424	-0.0355923	0.247877	-0.0207379	-0.0332984	-0.0762394	-0.0967974	0.00205203	0.173408	0.0574455	-0.0198966	-0.0183518	-0.040245	-0.034606	0.00146964	-0.0269063	-0.0274777	0.421925	0.0112692	-0.00912561
-0.025784	-0.0206121	1	-0.0924865	-0.0645621	-0.0501177	-0.103728	-0.022439	-0.119689	-0.0342584	-0.0175629	-0.0484708	-0.0964386	-0.0632662	-0.070909	-0.0363855	-0.0900854	-0.102133	-0.0524327	-0.0392358	-0.0542439	-0.026009	-0.030361	-0.0335464	-0.0290333	-0.0417981	-0.036329	-0.0624504	-0.00880784	-0.0380136	-0.00817955	-0.0308545	-0.077598	-0.0141934	-0.0478788	-0.0214025	-0.0262476	-0.0153761	0.193731	-0.0418817	-0.0657496	-0.00873408	-0.0447668	-0.0322165	-0.0383647	0.00758023	-0.0216123	-0.0669203	-0.0244513	-0.0637112	0.120658	0.530532	-0.0274013	-0.0266316	-0.0279482	-0.0789454	-0.00904105	-0.0319877	-0.0753801	0.00213961	-0.0833411	-0.0329889	-0.0315458	-0.0923221	-0.017481	-0.0302264	-0.0350832	-0.0791221	-0.0266662	-0.0173232	0.00393224	-0.0174268	-0.00605476	-0.0535136	-0.0229259	-0.0505614	-0.0442608	0.00469862	-0.0659123	-0.0293477	-0.0255574	-0.012693	-0.0700979	-0.0379996	-0.0910036	-0.0622294	-0.0264375	-0.0416392	-0.00887999	-0.00962055	-0.0339135	-0.024871	-0.0243293	-0.0304138	-0.0408497	-0.0251257	-0.0521215	-0.0208186	-0.0129116	-0.0216738	-0.0289514	-0.021073	-0.019722	-0.0519701	-0.0116474	-0.0281281	-0.0730235	-0.0743455	-0.0571338	-0.0544091	-0.0246627	-0.068739	-0.0374458	-0.0236533	-0.0129216	-0.0439267	-0.0252673	-0.0796764	-0.0405065	-0.0129658	0.10129	-0.00994631	-0.0244005	-0.0408141	-0.0762765	-0.0638229	-0.024219	-0.0195218	-0.0235863	0.0966645	-0.00701741	0.0283399	-0.0319396	-0.0246171	-0.0222131	-0.0273009	-0.0941278	-0.027951	-0.0248577	-0.0180919	-0.0198131	-0.0139012	-0.0281296	-0.0285358	-0.0133772	-0.0197136	-0.0300486	-0.0261567	-0.0106728	-0.00721427	-0.0141245	-0.0242742	-0.0263663	-0.0672301	-0.0222501	-0.0374247	0.00364665	-0.0193508	-0.033777	-0.0157475	-0.0339785	-0.0301916	-0.00354538	0.344866	-0.0106528	-0.00874972	0.0106723	-0.0597007	-0.0271189	0.0352268	-0.0222157	-0.00860093	0.0885483	-0.0521595	-0.0251673	-0.0366953	-0.0183859	-0.0226764	-0.0171778	0.195361	-0.0139904	-0.0312059	-0.0522373	-0.0288281	0.00111082	-0.0273259	0.127348	-0.0278829	-0.0277684	-0.0382556	-0.00433391	-0.0301246	-0.000386507	-0.0611553	-0.0500104	-0.0230292	-0.0359416	-0.0123677	-0.0217026	-0.0144189	-0.0100672
0.241833	0.250896	-0.0924865	1	-0.257463	0.174294	0.699516	-0.131011	0.838053	-0.102849	-0.0847451	-0.140222	0.292691	0.0468447	0.601194	0.307798	0.0383851	-0.148454	-0.0876548	-0.129631	-0.195841	0.132594	-0.0802294	-0.146935	-0.0934062	-0.128204	0.305377	-0.0358496	0.0641675	-0.0743018	0.133577	-0.0817075	-0.0776579	-0.0577044	-0.12202	-0.0158048	-0.0571749	-0.0696863	0.105177	-0.098311	-0.0427365	-0.00129803	0.00555781	-0.056568	0.0587739	0.0461433	-0.0455511	-0.0237967	-0.00310228	-0.0758366	0.117501	-0.0608126	-0.026112	-0.0383958	-0.0697061	-0.134052	0.0295517	-0.019394	-0.0638062	-0.0661723	-0.047791	-0.0746375	-0.0424288	-0.0547397	0.0966403	-0.0972103	-0.12592	0.0309015	-0.0775329	0.117474	-0.0393977	0.00591987	-0.0603373	0.000800785	-0.00648256	0.0191314	0.0258069	0.0427032	0.0373782	0.0217013	0.0768046	-0.0957299	0.017738	-0.00233394	-0.0288332	0.0156833	-0.0716007	-0.0493574	0.0650749	-0.0164085	0.0222304	-0.0752621	0.00917407	-0.0577593	-0.0455625	-0.074287	-0.0941257	-0.092287	-0.0354932	0.0512073	0.0191147	-0.000858248	0.00407579	-0.0202443	0.00459746	-0.111651	-0.0107658	-0.0640754	-0.0819542	-0.00845217	-0.0956665	-0.0349102	-0.029536	0.0141662	-0.0705106	-0.0314335	0.0194454	-0.0942805	-0.0355521	0.0812205	0.0335195	-0.114548	-0.0488	-0.0334911	-0.0100252	0.00607748	0.0190244	0.0896134	-0.0397461	0.0168102	-0.0110349	0.00338346	-0.0192008	0.020933	-0.0320126	0.048101	0.0017137	-0.00800061	-0.0208075	-0.0188245	0.00268728	0.135653	0.109887	0.0928711	0.0304323	0.00692604	-0.0806913	-0.0154858	0.0887998	-0.0289327	-0.0595025	-0.0632959	0.0361107	-0.0545499	-0.000102067	-0.0643775	-0.0743808	-0.020351	-0.00946673	0.0306396	-0.017894	-0.0288885	-0.0598573	-0.119665	0.0268561	0.0197441	-0.0563156	-0.0629243	0.266517	0.0315311	-0.00182991	0.0850122	-0.143287	0.137408	0.0180719	0.0846593	-0.0706248	0.0781874	-0.0532256	-0.0796539	-0.0298862	0.00820384	0.00354291	0.0664356	-0.0106593	-0.0112199	-0.064413	-0.0691159	-0.0119749	0.148215	-0.0617924	0.0142439	0.0423727	0.025616	0.019245	-0.0769815	-0.03169	-0.0567214	0.0957161	0.131032	-0.0125262
-0.0631097	-0.0645724	-0.0645621	-0.257463	1	-0.153531	-0.267119	-0.0736499	-0.315359	-0.0762223	-0.0465825	-0.0831836	-0.223279	-0.107566	-0.180211	-0.0995729	-0.209361	0.580954	-0.129756	-0.0779994	-0.0842831	-0.0583935	-0.0523757	-0.0838507	-0.0483439	0.510429	-0.101354	-0.171165	-0.0287808	-0.0793904	-0.0381288	-0.0669306	0.46743	-0.0358889	-0.0705716	-0.0460589	-0.00696375	-0.00644172	-0.144962	-0.132764	0.606199	-0.0291336	-0.0886158	-0.0700325	0.384587	-0.0895457	-0.0392225	0.405938	-0.116739	-0.116484	-0.242877	-0.0678704	-0.0166609	-0.111118	-0.0276684	-0.186354	-0.0941878	-0.074862	0.165756	-0.0419278	0.125785	0.303085	-0.0579638	0.0489926	-0.0492787	-0.0541549	-0.0731148	-0.00101458	0.108436	-0.06173	0.0796087	-0.0400378	0.21515	0.12544	-0.0156246	0.00912186	0.191431	-0.123109	-0.0442814	0.0212062	-0.0245076	-0.053713	0.0544856	-0.07125	0.230257	0.00552871	0.470001	0.292984	-0.0336016	-0.0390705	-0.0117357	0.253105	-0.0476967	0.22741	0.0325374	0.247056	0.206673	-0.0158331	-0.0168962	0.0575703	-0.0631841	-0.0570601	-0.0406395	0.0497121	0.282011	0.325798	0.0410637	0.00497861	-0.0875567	0.0247606	-0.0290013	0.265532	-0.0092662	-0.0251627	0.07644	0.284677	0.106118	0.138269	0.305284	-0.0269742	-0.216433	-0.0813458	0.148811	0.268218	0.0339741	-0.0679797	-0.0272737	-0.02328	-0.0375603	-0.207762	-0.0322768	-0.068167	0.10016	0.113281	0.151404	-0.0556851	0.221086	-0.0536149	-0.0429185	0.296683	-0.0306797	-0.0363825	-0.0447688	-0.057374	-0.0130527	-0.0474555	0.227609	-0.0610332	-0.0253958	0.120908	-0.021828	-0.0753586	-0.00754472	0.24845	-0.0194508	0.0923136	-0.0501448	-0.043829	-0.0488201	-0.0540447	0.0417304	0.0300947	-0.0366529	-0.0150772	-0.030985	0.00613287	0.121141	0.265313	-0.0744539	0.0823918	-0.0369827	-0.00777494	0.214792	-0.161478	-0.0365401	-0.152596	-0.0105783	0.147428	-0.0320824	0.000974808	-0.0340789	-0.0608639	-0.0722198	-0.0272149	-0.0298094	0.0475392	-0.0539819	0.136356	-0.0236495	-0.126633	-0.0484547	-0.0511762	0.127466	-0.0846256	-0.0643761	-0.0393447	0.0118113	-0.0239067	-0.0241317	-0.0247379	-0.0188633
-0.0507025	-0.0684067	-0.0501177	0.174294	-0.153531	1	0.500382	-0.0598527	0.432631	-0.0700462	-0.0313356	-0.0874001	0.58271	-0.0599786	-0.176584	-0.100623	0.617572	-0.239615	-0.116498	-0.0654763	-0.111928	-0.0660461	-0.0322496	-0.0856651	-0.0588875	-0.0850413	-0.100381	-0.148877	-0.0456354	-0.0803616	-0.0315787	-0.0428842	0.064943	0.149087	0.0130869	-0.065943	-0.0156681	-0.0417529	-0.193486	-0.0945745	0.131297	-0.0400582	0.54964	-0.0375462	0.216606	-0.0797142	-0.0294008	0.0274404	-0.115494	0.443034	-0.289031	-0.0606233	0.233608	-0.0284679	-0.0389468	0.29413	-0.106393	-0.0704468	0.373279	-0.0466366	0.373041	-0.0639338	0.0213861	0.289079	0.252439	-0.0479277	-0.0623535	0.228888	-0.0545303	-0.0694947	0.0542001	-0.020587	0.0222731	0.199826	-0.048483	0.293768	0.227778	-0.100904	0.0198798	-0.0456907	0.230717	-0.0529248	0.0888211	-0.0367671	0.131799	0.289683	-0.074829	-0.018305	-0.00721886	-0.0532276	-0.0517768	-0.0325492	-0.0176163	-0.0434735	0.32642	-0.0521548	-0.124389	-0.0387679	-0.0421855	0.0912662	-0.0402238	-0.039287	-0.0298508	0.244085	-0.0669937	-0.104968	0.232553	0.206973	0.168532	0.0423819	-0.0384164	-0.00581518	-0.0588273	0.0702198	-0.0263944	-0.0798258	-0.00896134	0.0789637	-0.0576333	0.192668	-0.147276	-0.0499621	0.0113409	-0.0694832	0.20487	0.209177	0.0744447	-0.0374223	-0.021768	-0.153979	-0.041492	0.0822625	0.0587675	-0.0148492	0.0172023	-0.0115372	0.159655	-0.0340777	0.256406	-0.00373135	-0.01884	-0.053131	0.0151408	-0.0075517	-0.0522017	-0.0068275	-0.0386558	-0.0519803	0.0310881	0.12478	-0.0480281	-0.044444	-0.0565776	0.0248013	-0.0133656	-0.0498145	-0.0287641	0.0812374	0.0345475	-0.0223119	-0.0497888	-0.0238091	-0.0357842	-0.070111	-0.00511734	-0.0360561	0.0470295	0.0385394	-0.0547495	-0.0333309	-0.0208458	0.0815289	-0.0148038	-0.01722	-0.0357958	-0.0143118	-0.0423501	0.0863724	-0.0361054	-0.03247	-0.0169199	-0.0178486	0.0649239	-0.0648222	0.181558	0.0353437	0.0207609	-0.0158641	-0.0230334	-0.0353271	-0.0677363	-0.031139	-0.0504686	0.0398466	0.0769352	-0.04047	-0.0166319	-0.0333078	-0.0414035	-0.0392859	-0.0475283
0.234064	0.246833	-0.103728	0.699516	-0.267119	0.500382	1	-0.138357	0.854698	-0.131735	-0.0887847	-0.154749	0.234517	0.0278541	0.658807	-0.21674	0.296823	-0.466131	-0.0738432	-0.141607	-0.22635	-0.144875	-0.0802567	-0.167504	-0.106995	-0.150432	-0.216507	-0.237929	0.0967429	-0.17597	0.102207	-0.0940259	-0.140372	0.0675059	-0.0847486	-0.138775	-0.0668771	-0.0883307	0.113875	-0.102343	-0.11555	-0.0873088	0.290201	-0.0729269	-0.0106212	-0.165889	0.141995	-0.25552	-0.231378	0.181938	0.143093	-0.0193981	0.163949	-0.027827	-0.0894671	0.082683	-0.217592	-0.0476843	0.11428	-0.0708661	0.111629	-0.0938375	0.000499064	0.0959859	0.11775	-0.0963295	-0.133352	0.0452688	-0.0889651	0.060677	-0.0045921	-0.00322138	-0.0422017	0.0510047	-0.0276306	0.124819	0.0562477	0.0473745	-0.0190137	-0.0622556	0.108461	-0.0786728	-0.0550282	-0.12947	-0.0992581	0.105984	-0.168132	-0.126892	0.0877699	-0.0164601	-0.052765	-0.0583777	-0.100007	-0.0655459	0.184312	-0.0874606	-0.257375	-0.0921808	-0.0150277	0.062398	0.141792	-0.0674969	-0.00690848	0.0702536	-0.127979	-0.194021	0.0356386	-0.0152273	-0.0504015	-0.0526081	-0.086399	-0.132836	-0.033748	0.0121708	-0.0711669	-0.187908	0.0178126	-0.18325	-0.124074	0.0952919	0.104092	-0.11381	-0.0309764	-0.152321	0.000632178	-0.000669449	0.0273199	0.0921097	-0.0491988	0.0435179	-0.0859601	0.031267	0.00571644	0.0261742	-0.0387049	-0.00771649	-0.0239636	-0.0195084	0.136093	-0.103351	-0.00959699	0.136924	0.119923	0.0607621	-0.0235214	-0.0841029	-0.0702503	-0.0728535	-0.023365	0.00736815	-0.0670795	-0.0693828	-0.0881754	-0.0904064	0.000118388	-0.0477774	-0.0751155	0.000840747	0.00939643	0.16577	-0.0221729	-0.0508483	-0.0757226	-0.107063	-0.00849698	-0.0569713	-0.0194288	-0.0889961	0.254081	0.0219564	-0.00439678	0.039651	-0.152911	0.221572	-0.0399014	0.180542	-0.0703855	-0.0125208	-0.0753795	-0.0497788	-0.0310093	-0.062018	-0.0427877	0.0219625	0.115801	0.0391518	-0.0707306	-0.105028	-0.0112623	0.218906	-0.0635576	-0.0823305	-0.0722055	-0.0726221	-0.023077	-0.077614	-0.030943	-0.0632092	0.0914027	0.105121	-0.0624977
-0.036447	-0.0396305	-0.022439	-0.131011	-0.0736499	-0.0598527	-0.138357	1	-0.162203	-0.0342048	0.650034	-0.0504327	-0.111058	-0.0702507	-0.102309	-0.0424661	0.2993	-0.112171	0.46443	-0.0482134	-0.0546664	-0.0259334	-0.01334	-0.0401862	-0.0322435	-0.0328643	-0.0424851	0.320523	-0.0171664	-0.0491374	-0.000335451	-0.0430245	0.26219	0.000846122	-0.0456612	-0.0257158	-0.0229388	-0.0105987	-0.102185	0.466002	-0.0817205	-0.027193	-0.0496943	-0.0412784	-0.0601324	-0.0355622	-0.0166913	-0.10609	-0.0574119	-0.0678717	-0.1516	-0.0431886	-0.0115298	0.544161	-0.0295753	0.274371	-0.0393547	-0.0327292	-0.0754399	-0.011565	-0.0864903	-0.0160456	-0.0487486	0.219376	0.0127448	-0.00641648	-0.0141562	0.114573	-0.0311422	-0.0220139	-0.0162541	-0.034841	-0.0195077	-0.0452281	-0.0480332	-0.0427901	-0.016634	0.400572	0.227559	-0.01926	-0.0192684	-0.0104786	-0.0573392	-0.0185706	0.171148	-0.0497231	-0.0526547	0.226988	-0.0181533	-0.0208223	-0.0348688	-0.0246721	-0.00846449	-0.00110767	-0.0304816	-0.0203755	0.284703	-0.0164575	-0.024589	-0.0572976	-0.0293756	-0.0193926	-0.0323512	-0.0495276	-0.0418325	0.36781	-0.0840454	0.211613	0.309109	-0.0671881	-0.025377	-0.0972685	-0.0467091	-0.0236629	-0.0176747	-0.0612967	-0.0321871	0.212748	-0.0660451	0.011418	0.128661	0.685977	-0.0114719	-0.0623968	-0.0901734	-0.057624	-0.0247278	-0.0157875	-0.0204842	-0.119761	0.0031189	0.334757	0.123349	-0.0213608	-0.0105707	-0.0444613	0.0180613	-0.0366083	-0.0254982	-0.0405173	-0.0121719	-0.0276069	-0.0359247	-0.0310491	-0.0570832	-0.00362441	-0.000881448	-0.0239612	0.0193393	0.222118	-7.43492e-05	0.241062	-0.0202805	0.0482166	-0.0229799	0.0924585	0.420801	-0.00744119	-0.0427608	-0.025897	-0.0527129	0.107165	0.335539	-0.0229597	-0.0118793	-0.0172484	-0.0199075	-0.0709949	-0.0522155	-0.015691	-0.0334178	-0.0190067	0.0113042	0.0202526	-0.0402275	0.0855664	-0.0225838	-0.0350319	0.00103407	-0.0554916	-0.00960776	-0.015994	-0.0502379	-0.0353406	-0.0156164	-0.0269776	-0.0827244	0.0383716	-0.040467	0.0510914	0.0618791	-0.0232681	-0.021781	-0.058869	-0.0534809	-0.0256636	-0.0352974	0.321685	-0.0172344	-0.0181478	-0.00607954
0.195179	0.217423	-0.119689	0.838053	-0.315359	0.432631	0.854698	-0.162203	1	-0.148705	-0.099568	-0.185715	0.460603	-0.00818506	0.561417	0.29569	0.209717	-0.224718	-0.134663	-0.169896	-0.259052	0.195376	-0.0986394	-0.195574	-0.123117	-0.165499	0.293408	-0.0454463	0.0783593	-0.0311704	0.0853157	-0.114146	-0.142571	0.0557301	-0.114783	0.0629207	-0.0795263	-0.0969055	0.0282675	-0.129725	-0.103789	0.108857	0.238854	-0.0940191	0.0188334	-0.000382763	0.119756	-0.0758682	-0.00790815	0.122873	0.0369035	-0.050455	0.136398	-0.0660911	-0.100333	0.00342337	0.0432241	-0.0688592	0.0554647	-0.081348	0.0468664	-0.103195	-0.0244994	0.0127874	0.0987758	-0.124934	-0.159508	0.077967	-0.109009	0.171298	-0.0153634	-0.0208303	-0.053529	0.0196243	-0.0491422	0.141688	0.0345091	-0.000774916	-0.00649617	0.00752774	0.0969141	-0.0987057	-0.0252003	-0.0285912	-0.0127405	0.149756	-0.119092	-0.0875634	0.061715	-0.0332918	-0.00651767	-0.0780211	-0.0208074	-0.0781035	0.146545	-0.0991805	-0.124184	-0.102319	-0.0287595	0.0147651	0.12157	-0.00581153	-0.0233878	0.0701753	-0.0400687	-0.169367	0.0809083	0.0201316	0.0399326	-0.0531094	-0.111503	-0.106314	-0.0673503	0.0791369	-0.0933603	-0.0901646	0.00433247	-0.0372086	-0.0893258	0.0805232	-0.0012884	-0.13209	-0.039374	-0.0389134	0.0290444	0.0834613	0.0834066	0.0755883	-0.0587945	0.0129224	0.102887	-0.000833405	-0.0427057	0.0126403	-0.0400061	-0.00297706	0.00945862	-0.0367705	0.11972	-0.0429378	-0.0216963	0.110833	0.140567	0.17623	-0.0412976	-0.0207258	-0.0845054	0.043478	0.0661918	-0.0270819	-0.0808831	-0.0908414	-0.00228758	-0.0566567	-0.012557	-0.0965061	-0.0817162	0.140439	0.026214	0.146696	-0.0525461	-0.0325824	-0.0792674	-0.126566	0.00111164	-0.00137998	-0.0259606	-0.0836389	0.216872	-0.00494592	-0.0175998	0.0615088	-0.149854	0.165898	-0.0150226	0.141153	-0.0762796	0.0429944	-0.0741168	-0.0858039	-0.0434891	-0.0211028	-0.0162808	0.0245029	0.100241	0.0278961	-0.0828333	-0.0480037	-0.0265459	0.170965	-0.0739784	-0.0203726	-0.00260263	-0.00936482	0.00517247	-0.0901965	-0.0534862	-0.0800382	0.072131	0.0934722	0.0738996
-0.0225818	-0.0440377	-0.0342584	-0.102849	-0.0762223	-0.0700462	-0.131735	-0.0342048	-0.148705	1	-0.0214541	-0.0523196	-0.113592	-0.0663123	-0.0891957	-0.0337099	-0.113874	0.287529	-0.07491	-0.031462	0.576295	-0.031376	-0.0125888	-0.0303963	-0.0225897	-0.0460033	-0.0320611	0.068116	-0.0152451	0.186579	-0.0156278	-0.0241933	-0.0939623	0.0821376	0.00667297	0.256034	-0.0310635	0.448922	-0.00317533	-0.0632055	-0.0659298	-0.0129343	-0.0158665	-0.023301	-0.0421344	-0.0361433	-0.00238886	-0.00103338	0.0656685	0.0275311	0.00954788	-0.0435377	-0.00836238	-0.0528524	-0.0289765	-0.0200839	0.0882203	0.137765	0.00761445	-0.0107745	-0.00526748	-0.0179997	0.0744537	-0.0365704	-0.034379	-0.0243127	-0.0269555	0.0611962	-0.0231025	-0.0407944	-0.0215531	-0.0137424	-0.0289912	0.0166178	0.0951257	-0.0059436	-0.048423	-0.0687631	0.0268935	0.255989	-0.0268435	-0.0311406	-0.00946326	-0.0291854	-0.0671098	0.107335	-0.0240098	-0.0477159	-0.00614498	-0.0227424	0.185386	-0.0183661	-0.0219613	-0.00355779	-0.0251435	0.00623174	-0.0615276	0.00830729	-0.0239082	-0.0144739	0.096433	-0.0107171	-0.0169441	-0.0184984	-0.0135917	-0.0362867	0.0493543	0.0328541	0.0217598	-0.00599545	-0.0241458	-0.0158745	0.0108332	0.13456	-0.017346	-0.0334647	0.0847396	-0.00696449	-0.0255387	-0.0265611	-0.0187993	-0.0319049	-0.0306115	-0.0314747	0.0434959	0.0326552	0.131902	-0.0152065	-0.0176821	-0.00817494	-0.0179192	-0.032778	0.012666	0.00717029	0.00225179	0.0848809	0.0166109	-0.0134177	-0.0142426	-0.0163011	-0.00504991	-0.0343552	0.0542069	0.0411105	0.0371185	-0.0259161	0.0848879	-0.0209021	0.00767647	0.00629124	7.27409e-05	-0.0234067	0.0382759	0.00562568	-0.0131066	0.0217916	-0.0107381	-0.0127442	0.0528607	-0.0110306	0.0186296	0.0619407	-0.00905041	-0.051186	-0.0102215	0.107533	-0.0201718	-0.00103083	-0.0407426	-0.0316594	-0.00219645	-0.028915	0.0369325	-0.0467069	0.0550602	-0.0460016	-0.0163354	-0.0042884	0.0132513	0.0538981	-0.0147899	-0.0242746	-0.0143646	-0.05218	-0.01309	0.12704	0.0343603	0.0794623	-0.000145456	-0.0727198	-0.01405	0.0295942	0.00391215	0.00586874	-0.017779	-0.0213411	-0.0190002	-0.00683494	-0.0235927	0.00383548	-0.00671813
-0.0203491	-0.0248364	-0.0175629	-0.0847451	-0.0465825	-0.0313356	-0.0887847	0.650034	-0.099568	-0.0214541	1	-0.0371115	-0.0641041	-0.0490054	-0.0715221	-0.0227343	0.195624	-0.0679805	0.292402	-0.026054	-0.0321413	-0.00877987	0.00334585	-0.0324576	-0.0196858	-0.0148521	-0.0235544	0.209938	-0.0218154	-0.0229658	0.0200652	-0.0211297	0.162986	-0.000787083	-0.0189138	-0.00906831	-0.0170942	-0.00584819	-0.0782189	0.291283	-0.0497717	-0.0108441	-0.0264398	-0.0149533	-0.0378434	-0.0232919	-0.0174485	-0.057971	-0.0257372	-0.0313804	-0.106403	-0.0232586	0.000636942	0.324546	-0.018404	0.178053	-0.018879	-0.0209079	-0.0326715	-0.0108375	-0.0373889	-0.0159822	-0.026036	0.147797	0.0330545	-0.0106504	-0.0133675	0.122954	-0.0289088	-0.00185138	-0.0197138	-0.0183861	-0.012925	-0.0103404	-0.0270928	-0.0274647	0.00888464	0.232714	0.145049	-0.00794761	-0.0154584	-0.0151909	-0.0227427	-0.0151617	0.110685	-0.0293373	-0.0347651	0.147007	-0.00595538	-0.0152052	-0.0160741	-0.0108094	-0.0152841	0.00985373	-0.00969779	-0.0137174	0.166035	0.000889387	-0.0202921	-0.0178247	-0.0256258	0.00565303	-0.0131451	-0.0363128	-0.0263487	0.206055	-0.0341209	0.136379	0.179954	-0.0233519	-0.0110351	-0.041815	-0.0192616	-0.00956343	-0.0161286	-0.0376873	-0.0212633	0.121506	-0.0304723	0.0323508	0.0593613	0.446585	-0.0010518	-0.0200104	-0.0479338	-0.0442273	-0.0141349	-0.00414586	-0.0209491	-0.0916678	0.0248815	0.396983	0.185541	-0.00654241	0.00637366	-0.0235495	0.0950618	-0.0165557	-0.0131597	-0.0207071	-0.0122779	-0.0139086	-0.0188678	-0.00471345	-0.0289235	-0.0156932	0.0111224	0.00555124	-0.00598067	0.275081	-0.00239349	-0.0182515	-0.0214694	0.136841	-0.00897959	0.155642	-0.0122309	0.0179846	-0.0214764	-0.0217953	-0.0240179	0.166737	0.391866	-0.0157439	0.00897911	-0.00521387	-0.0160293	-0.0412591	-0.0349878	0.00185114	-0.0187937	-0.000426066	0.0801166	-0.058877	-0.013666	-0.0432167	0.000368924	-0.0123591	0.00369048	-0.0326714	-0.0034272	-0.0143793	-0.0274995	-0.0178439	-0.00195046	-0.0180638	-0.0478217	0.108745	-0.0270518	-0.0499249	-0.0292345	-0.0159318	-0.0152483	-0.034753	-0.0298209	-0.00362504	-0.0273013	0.388271	-0.00372349	-0.0148738	0.00846974
-0.0258278	-0.0490391	-0.0484708	-0.140222	-0.0831836	-0.0874001	-0.154749	-0.0504327	-0.185715	-0.0523196	-0.0371115	1	0.374448	0.71634	-0.109698	-0.0659876	0.391038	-0.147686	0.493831	-0.0337623	-0.0806743	-0.0397951	-0.0290403	-0.0555193	-0.0342441	-0.0471584	-0.0665537	0.176985	-0.0248172	-0.0617	-0.00755244	-0.0274603	0.0867847	-0.0213613	-0.050448	-0.055118	0.356112	-0.0412576	-0.143621	0.082953	0.0181499	-0.0267195	-0.035666	-0.0234285	-0.0722824	0.204148	-0.0301868	0.0554904	0.105882	-0.00177223	-0.11284	-0.0481509	-0.0301981	0.102239	0.471685	0.0585329	0.132699	-0.0496982	-0.0227625	-0.0160425	-0.0346881	-0.0266838	-0.034785	0.025193	-0.0167899	-0.0319735	-0.0449321	0.136009	-0.0162566	-0.0508651	-0.0162579	-0.0198599	-0.0333293	-0.0563853	-0.0331044	0.0280836	-0.0379908	0.0498294	0.0904005	-0.0379221	-0.0235214	-0.0300693	0.0880032	0.224633	0.0820292	-1.32266e-05	-0.0539125	-0.0311575	-0.0181671	0.25558	-0.040001	-0.0166137	0.293089	-0.0129848	-0.0443773	-0.022788	0.0374982	-0.0211535	0.295544	0.0505956	-0.0490995	-0.0241561	-0.0183754	0.00505413	-0.0292025	-0.082064	0.00795651	-0.0169135	-0.0429132	0.119623	-0.0190524	0.07483	0.0654815	-0.0339694	-0.0254184	0.0957089	-0.040432	0.0344909	-0.0601114	-0.0126818	-0.0651455	-0.0505056	-0.0332556	-0.0658234	0.114718	0.126208	-0.0364455	-0.0266512	0.0691063	-0.0572279	-0.027443	-0.0391487	0.016813	-0.0421107	-0.023621	-0.044128	0.0630782	-0.0150406	-0.0161721	-0.0414126	0.00877256	-0.0307107	-0.0490776	-0.0565273	-0.0450206	0.280984	-0.0243028	-0.0295973	-0.0231911	-0.0536484	-0.0223839	-0.0339433	0.106072	-0.0422241	0.00186771	0.0167091	-0.0312244	-0.0297901	-0.0310516	-0.0413919	0.0623032	-0.0568712	-0.0203472	-0.00793869	-0.00383992	-0.0266765	-0.0184952	-0.0326655	-0.0220846	0.00451936	-0.0129574	-0.00695552	-0.0861125	-0.0349395	-0.0259816	-0.0194787	-0.00203062	-0.0271441	-0.0275341	-0.058569	0.0421507	0.201703	0.0538356	0.131247	-0.0278288	-0.0499097	-0.00958433	-0.0396026	-0.0159536	-0.0217209	0.138806	0.16385	-0.0141609	0.159936	0.0626576	0.0413537	-0.0506283	-0.0316933	-0.0189633	-0.0177489	-0.0226373
0.269559	-0.113688	-0.0964386	0.292691	-0.223279	0.58271	0.234517	-0.111058	0.460603	-0.113592	-0.0641041	0.374448	1	0.508049	-0.306603	0.426863	0.697137	-0.0511852	0.28952	-0.11977	-0.188573	0.274531	-0.0750094	-0.147615	-0.0871876	-0.126685	0.424538	0.227324	-0.0774853	0.037828	-0.0465361	-0.0890739	0.101324	0.0840933	-0.0681809	0.127376	0.185302	-0.0638802	-0.29462	-0.00950026	0.0887118	0.155477	0.31717	-0.0649446	0.114803	0.244307	-0.0639473	0.220352	0.217961	0.241829	-0.381542	-0.0777459	0.146892	0.0465408	0.18403	0.182156	0.281562	-0.0239228	0.173844	-0.0643256	0.162084	-0.0866393	-0.0485648	0.141205	0.138713	-0.098884	-0.1208	0.299468	-0.089751	0.0273672	0.0135226	-0.0326813	-0.0198709	0.0500129	-0.0944278	0.254352	0.0958035	-0.0685136	0.0834604	0.0127973	0.135904	-0.0874193	0.127317	0.211539	0.231927	0.261409	-0.0539194	-0.00404695	0.093545	0.0673196	-0.00817435	-0.0612404	0.242781	-0.064975	0.175573	-0.0765805	0.0504582	-0.0670483	0.108175	0.0603988	-0.0851941	0.0136242	-0.0396296	0.178875	0.0104129	-0.126269	0.227033	0.17486	0.17196	0.110637	-0.0856728	0.0630681	-0.0653009	0.10275	-0.0691658	0.075153	-0.0552306	0.194816	-0.060525	0.114073	-0.245748	-0.102152	-0.0291081	0.00964478	0.250595	0.301635	0.0913527	-0.0599292	0.00841131	-0.161066	0.148743	0.0459329	0.0169385	-0.0333994	-0.00642306	0.033896	0.174494	-0.0452148	0.144221	0.0167802	-0.0209022	-0.0894219	0.00040815	0.0762582	-0.0281653	0.221094	-0.0500586	0.0689641	0.121668	0.0532925	-0.0721055	-0.0771415	0.120959	0.0185258	-0.017378	-0.0694681	-0.0577017	0.178906	0.0273729	-0.0615913	-0.0595201	-0.0379268	-0.050016	-0.0933723	-0.0012391	0.0124998	0.0106972	0.0445147	-0.100168	-0.0602838	-0.0292774	0.0774023	-0.0369596	-0.105516	-0.0185886	-0.0776137	-0.047869	0.0949354	-0.0497681	-0.103143	-0.00431203	0.145535	0.0983347	0.0265907	0.0953539	0.00308672	-0.0147661	0.0600205	-0.0267615	-0.105931	0.00382882	0.133576	0.0158172	0.181484	0.117305	-0.0314308	-0.0108973	-0.0544278	-0.0564005	0.0876733	0.0910845
0.503068	-0.0584269	-0.0632662	0.0468447	-0.107566	-0.0599786	0.0278541	-0.0702507	-0.00818506	-0.0663123	-0.0490054	0.71634	0.508049	1	-0.149372	-0.100005	0.558672	-0.209819	0.682183	-0.0583823	-0.0998331	-0.0653399	-0.0466909	-0.0807585	-0.0372565	-0.0718886	-0.101665	0.234545	-0.0474593	-0.0859815	-0.00780301	-0.0432468	0.126145	-0.0155052	-0.0638594	-0.0707591	0.318489	-0.0473385	-0.114587	0.203697	-0.0363789	-0.0346238	-0.0317003	-0.0141126	-0.108374	0.162824	-0.0375947	-0.00478658	0.0739236	-0.0194734	-0.0963238	-0.00601399	-0.0323575	0.240647	0.339195	0.110556	0.0905352	0.0666462	-0.0680102	-0.0291458	-0.0469889	-0.0499845	-0.05136	0.0641679	-0.0344494	-0.0518738	-0.0725434	0.175051	-0.0466969	-0.0682885	-0.0227138	0.011029	-0.0304002	-0.0858362	-0.048741	0.0356585	-0.0655314	0.110859	0.108281	0.00308499	-0.0274749	-0.0412131	0.0361071	0.164049	0.0753849	0.0302059	-0.0765071	-0.0245262	0.18102	0.181888	0.00784656	-0.024155	0.226669	-0.0302973	-0.0672678	-0.0362949	-0.0178209	-0.0416785	0.303513	0.0979536	-0.0630502	-0.0360346	0.00813911	0.00320876	-0.0547816	-0.116301	0.0504465	0.0157726	-0.0408657	0.121318	-0.0468776	0.0595405	0.059268	0.0120168	-0.0408428	0.0255384	-0.0471515	-0.0176469	-0.0787539	-0.0154376	-0.0601338	-0.0698918	-0.0427289	-0.0886246	0.126898	0.101017	0.00422759	-0.0301677	0.0611293	-0.0427512	-0.0381408	0.0260787	0.0550493	-0.00987643	-0.0251882	0.046364	0.0519898	0.00318548	-0.036902	-0.0662268	0.0217598	-0.0455827	-0.0322113	-0.0446773	0.0334954	0.202233	-0.040144	-0.0238983	-0.0394309	-0.0217273	-0.0351973	-0.0281189	0.0927978	-0.0292894	0.0255276	0.0472402	-0.0466675	-0.0496284	-0.0149167	-0.0463998	0.0243639	-0.0422183	-0.0204415	-0.0284862	-0.00638449	-0.0267373	-0.021648	0.00513722	-0.0498917	-0.0122547	0.00626983	-0.0102224	-0.0453002	-0.0552836	-0.0173489	-0.0558225	-0.0216133	-0.0237154	-0.0350828	-0.0507456	0.0394528	0.153974	0.0604564	0.108867	-0.0335851	-0.0150086	-0.000742668	0.0144189	0.0127549	-0.0509749	0.092613	0.120542	-0.0399509	0.139123	0.0736089	0.025542	0.028795	-0.0119235	-0.0196026	0.180688	-0.0291792
-0.0567627	0.360394	-0.070909	0.601194	-0.180211	-0.176584	0.658807	-0.102309	0.561417	-0.0891957	-0.0715221	-0.109698	-0.306603	-0.149372	1	-0.147697	-0.293132	-0.311587	-0.19523	-0.0963005	-0.157596	-0.0970219	-0.0544672	-0.106836	-0.0747439	-0.0948175	-0.147824	-0.221735	0.171656	-0.122269	0.159717	-0.0648731	-0.256877	-0.0401422	-0.0822699	-0.0979561	-0.057565	-0.0678301	0.290572	-0.143028	-0.202099	-0.0584879	-0.0871221	-0.0638524	-0.153611	-0.119931	0.207468	-0.286088	-0.170643	-0.11533	0.408508	0.0107475	-0.0166375	-0.117905	-0.0672659	-0.189592	-0.156359	-0.0880526	-0.12489	-0.0331338	-0.135554	-0.0456136	0.0156823	-0.141449	-0.0456862	-0.0653959	-0.0924207	-0.15342	-0.0422576	0.142114	-0.04475	-0.00638078	-0.0663343	-0.0604074	0.0252262	-0.0795831	-0.0903846	0.0722787	-0.0539941	-0.0316894	-0.0496553	-0.0427292	-0.105443	-0.107275	-0.227836	-0.092853	-0.123517	-0.14659	-0.0395064	0.0243674	-0.0262463	-0.0406288	-0.0903484	-0.0308999	-0.0441133	-0.0521329	-0.176136	-0.0680863	-0.0554623	-0.0424707	0.221703	-0.0417835	-0.00114553	-0.103391	-0.0830144	-0.118938	-0.159891	-0.190783	-0.161063	-0.130495	-0.0532177	-0.171113	0.000675062	-0.0296534	-0.0597798	-0.13196	0.0389939	-0.232029	-0.0846256	-0.0365994	0.241545	-0.0797357	-0.0364633	-0.106014	-0.177615	-0.138892	-0.013546	0.138269	-0.0311292	0.167608	-0.06075	-0.0780482	-0.0833202	0.0242933	-0.0531807	-0.066712	-0.151659	-0.00926453	-0.0274836	-0.100549	-0.00641242	0.215771	0.145406	0.0963829	-0.0394389	-0.0825338	-0.0600848	-0.0487424	-0.0503341	-0.124796	-0.0379852	-0.0469694	-0.0487596	-0.141151	-0.00499425	-0.0558295	-0.0519223	-0.051315	-0.018555	0.234731	0.0303432	-0.035071	-0.0497966	-0.074735	0.00401179	-0.0241405	-0.0573113	-0.177985	0.372549	0.055376	-0.00169424	-0.00749276	-0.205246	0.296074	-0.0108123	0.255283	-0.0468694	-0.0732699	-0.0477975	-0.0320406	-0.0163936	-0.0582988	-0.0827879	0.0652797	-0.0022062	0.000872532	-0.0851905	-0.16238	-0.00493701	0.308419	-0.0207231	-0.064392	-0.0304992	-0.0985934	-0.0722557	-0.046689	-0.0827613	-0.0570407	0.146758	-0.0010359	-0.0259973
-0.0510414	-0.0399005	-0.0363855	0.307798	-0.0995729	-0.100623	-0.21674	-0.0424661	0.29569	-0.0337099	-0.0227343	-0.0659876	0.426863	-0.100005	-0.147697	1	-0.171155	0.45305	-0.110456	-0.0595407	-0.0751927	0.64366	-0.0369395	-0.0617353	-0.0371035	-0.0354177	0.990026	0.340462	-0.02837	0.275131	-0.02999	-0.0429516	-0.029451	-0.0229761	-0.0654807	0.387903	-0.0271827	-0.0101581	-0.148807	-0.0915167	0.0305078	0.37555	-0.0829818	-0.042138	0.0604767	0.325876	-0.038333	0.346815	0.430298	-0.106207	-0.210303	-0.0652426	-0.0428182	-0.0730067	-0.0243017	-0.145715	0.503947	-0.0419444	-0.102391	-0.0230006	-0.117128	-0.0171738	-0.0494726	-0.150631	-0.0292228	-0.0526919	-0.0515873	0.0573789	-0.0417251	0.219304	-0.0220593	-0.0321962	-0.0258961	-0.0557893	-0.0423552	0.0369095	-0.0347853	-0.0877414	0.0193144	0.0672399	-0.0140686	-0.0401536	0.0734717	0.21365	0.178512	0.0575747	0.0896933	0.0744009	-0.0401465	-0.0326219	0.0366122	-0.038762	0.174311	-0.0267784	-0.0583547	-0.0283969	0.260571	-0.0211069	-0.0284393	-0.0856356	-0.0335732	0.114414	-0.0301412	0.00405168	0.166241	0.0425437	0.0690803	0.0492673	0.144428	0.0157317	-0.0493977	0.0643666	-0.0639063	0.0677107	-0.0446811	0.198038	-0.0217538	0.263407	0.0656593	-0.0211001	-0.193219	-0.0358873	-0.0113493	0.214863	0.0477568	0.149348	0.0492448	-0.0226534	-0.0240066	-0.053542	0.359427	-0.0575227	-0.0905647	-0.0217153	-0.00267851	0.00702039	0.0589219	-0.0332751	-0.0240121	0.116129	-0.0245196	-0.0387045	0.00886015	0.187183	-0.0341548	0.151824	-0.0290327	0.220378	0.217966	-0.061891	-0.0255243	-0.0395042	0.16176	0.052328	-0.0247467	-0.0953638	-0.0119971	0.268082	0.0212032	-0.0303736	-0.064173	0.0143821	-0.0121299	-0.0470448	0.013565	0.0865843	-0.0119316	-0.00157985	-0.0521648	-0.0488619	-0.0228302	0.0439292	-0.0143878	-0.0841912	0.034791	-0.0566638	-0.0132783	0.0872436	0.00123274	-0.0772189	-0.0258158	0.0951653	0.0435653	0.0233966	-0.0234073	-0.0210489	-0.0352519	0.0993552	-0.0269349	-0.0676551	-0.0211018	0.124182	0.135991	0.119499	0.0478307	-0.031333	-0.0435634	-0.0377771	-0.0279869	-0.0146213	0.254821
0.264065	-0.109298	-0.0900854	0.0383851	-0.209361	0.617572	0.296823	0.2993	0.209717	-0.113874	0.195624	0.391038	0.697137	0.558672	-0.293132	-0.171155	1	-0.384566	0.650449	-0.115421	-0.181484	-0.107805	-0.0672101	-0.14005	-0.0873602	-0.131656	-0.171465	0.234363	-0.0685724	-0.14977	-0.0347521	-0.0903102	0.283061	0.0971599	-0.0578359	-0.112214	0.193724	-0.0651453	-0.280706	0.329892	0.0241265	-0.0723373	0.347173	-0.0659765	0.0462296	0.0390332	-0.0578247	-0.0433427	-0.064896	0.271715	-0.364214	-0.0774056	0.168092	0.421452	0.194361	0.443453	-0.0335909	-0.0193064	0.192697	-0.061384	0.182457	-0.0935394	-0.0483924	0.369589	0.160545	-0.0775335	-0.103727	0.355708	-0.0877691	-0.113408	0.0148457	-0.0334741	-0.019398	0.0528105	-0.0995803	0.21372	0.100989	0.220013	0.209254	-0.0422599	0.139908	-0.0739613	0.0510833	0.0806909	0.237482	0.205203	-0.13522	0.0911881	0.10876	0.0875273	-0.0548808	-0.0537002	0.1442	-0.0575134	0.196757	-0.0705511	0.0400807	-0.0603229	0.171213	0.109408	-0.09328	-0.065561	-0.0400277	0.151612	-0.108253	0.0281406	0.164257	0.273309	0.24367	0.0904009	-0.0758441	-0.00464	-0.0151656	0.0493324	-0.0552437	-0.0697845	-0.06305	0.148413	-0.134419	0.129302	-0.0910188	0.25638	-0.0331099	-0.148554	0.202266	0.189684	0.0478996	-0.0575954	0.00798969	-0.200655	-0.0584947	0.209306	0.140943	-0.0381152	-0.0130897	0.00527685	0.157217	-0.0464004	0.150909	-0.0736254	-0.0134658	-0.0848116	-0.0294677	-0.053312	-0.0173835	0.139922	-0.0390073	-0.0733247	0.00584656	0.16934	-0.066221	0.0656243	0.0169427	0.0182304	-0.0203061	0.0397498	0.139139	0.0209229	-0.0103467	-0.0672322	-0.0339148	0.00197213	0.0798829	-0.0835832	-0.0134621	-0.0499229	0.00484759	0.00106126	-0.0990033	-0.0373183	-0.0332779	0.0434879	-0.0354292	-0.0363517	-0.0598651	-0.00823885	-0.0505971	0.0267491	-0.0511202	-0.0751913	0.00310471	0.087132	0.0494712	0.0319648	0.103518	0.00151453	-0.0256625	0.0133579	-0.0311581	-0.0246359	0.0475377	0.0530508	-0.0774428	0.0871435	0.0655847	-0.0287763	-0.0132548	0.0906146	-0.0542576	0.0880528	-0.0615746
-0.101293	-0.107883	-0.102133	-0.148454	0.580954	-0.239615	-0.466131	-0.112171	-0.224718	0.287529	-0.0679805	-0.147686	-0.0511852	-0.209819	-0.311587	0.45305	-0.384566	1	-0.24391	-0.129107	0.486554	0.291743	-0.0698765	-0.135156	0.225005	0.333371	0.450712	0.0469014	-0.0154869	0.158321	-0.0597696	-0.0990569	0.235237	-0.0179772	0.252053	0.285548	-0.0727213	0.167505	-0.248967	-0.211409	0.394771	0.173028	-0.156149	-0.10213	0.270624	0.0781321	-0.0636327	0.441811	0.156407	-0.0035292	-0.319938	-0.119852	-0.081402	-0.169598	-0.0583273	-0.14582	0.230992	-0.0444838	0.146496	-0.0581674	0.0936486	0.208898	0.137153	-0.0169284	-0.0772229	-0.0936308	-0.0978198	0.016338	0.198866	0.0417692	0.0496768	-0.0633277	0.130079	0.146571	0.154301	-0.00726657	0.081914	-0.180363	0.020345	0.157206	-0.0461609	-0.088176	0.12773	0.0374368	0.258344	0.048437	0.374806	0.292728	-0.056633	-0.0682974	0.082376	0.149493	0.0345994	0.143362	-0.049533	0.165551	0.249738	-0.0218706	-0.0479032	0.0638457	-0.0414727	0.0143408	-0.0629165	-0.00523766	0.283638	0.237543	0.12053	0.0676301	-0.00873863	0.0689527	0.108996	0.263889	0.0670566	0.0672915	0.0135226	0.291769	0.097259	0.208255	0.24585	-0.0502309	-0.286862	-0.108996	0.10279	0.297279	0.0869637	0.00909021	0.0531163	-0.0446325	0.0825521	-0.186679	0.163968	-0.112948	0.0755189	0.0714623	0.105627	-0.0306738	0.205072	-0.0726305	-0.0605475	0.266556	-0.0402787	-0.0808075	-0.0252294	0.0604969	-0.0258341	0.0170615	0.157622	0.0603335	0.087574	0.0262161	-0.0291095	-0.0965526	0.0846001	0.240402	-0.0421955	0.065084	-0.0553868	0.0967977	-0.0130759	-0.0814869	0.0765171	0.109647	-0.053685	-0.0820068	-0.030224	0.100154	0.0780746	0.175206	-0.121762	0.00822268	-0.051518	-0.00578121	0.173913	-0.218517	0.00750816	-0.190139	0.0129818	0.136697	-0.0195024	0.0178466	0.054234	-0.0210944	0.0101274	-0.0443078	-0.0538568	0.0647471	0.0175155	0.173052	-0.0320297	-0.186551	-0.0690381	0.0274088	0.165671	0.0337152	0.0205202	0.0501901	-0.0380952	-0.0489532	-0.0565252	-0.0373544	0.118881
0.405463	-0.0718937	-0.0524327	-0.0876548	-0.129756	-0.116498	-0.0738432	0.46443	-0.134663	-0.07491	0.292402	0.493831	0.28952	0.682183	-0.19523	-0.110456	0.650449	-0.24391	1	-0.0804948	-0.118237	-0.0669317	-0.045033	-0.0910589	-0.0519	-0.0748492	-0.112648	0.464069	-0.0423817	-0.107864	-0.00484359	-0.0737339	0.323476	-0.0112621	-0.0828259	-0.0748441	0.29413	-0.0398278	-0.161829	0.516028	-0.0688976	-0.0528956	-0.0862528	-0.0448185	-0.129774	0.149762	-0.0474758	-0.0459886	0.0490878	-0.0735481	-0.240641	-0.0388326	-0.0354348	0.598398	0.310636	0.309679	0.0812174	0.0464791	-0.0972614	-0.0288388	-0.111451	-0.0517744	-0.0731904	0.228998	-0.0263367	-0.0487056	-0.070043	0.261628	-0.0557422	-0.0744181	-0.0227614	-0.0164294	-0.0375915	-0.10148	-0.0715201	-0.0169461	-0.069937	0.406408	0.281059	-0.0528931	-0.0273807	-0.037682	0.0123509	0.160235	0.219175	-0.0423787	-0.094507	0.173087	0.151319	-0.0341206	-0.0496189	-0.0403216	0.223448	-0.027197	-0.0785708	-0.0436432	0.20042	-0.0373861	0.277156	0.0828993	-0.0762305	-0.0404917	-0.0144023	-0.0518168	-0.0700603	0.155069	-0.00806516	0.166038	0.143449	0.108813	-0.0509489	0.0370031	0.0674711	-0.0424864	-0.049232	0.006953	-0.058513	0.122983	-0.102076	-0.0120328	0.00496963	0.397987	-0.043238	-0.109142	0.0722272	0.0322296	-0.0488305	-0.0326884	0.0335745	-0.131277	-0.0338432	0.206179	0.151168	-0.0207348	-0.0282268	0.0222434	0.068716	-0.0245892	-0.0486855	-0.0754272	0.00840874	-0.0603954	-0.0777734	-0.0858573	0.0392008	0.204499	-0.0309981	-0.0411829	-0.022169	0.104137	-0.0372157	0.133941	0.0842363	0.0227601	-0.00664186	0.124198	0.217203	-0.0498936	-0.0449734	-0.0605791	0.0335012	0.0429657	0.148448	-0.0312253	-0.0136369	-0.035715	-0.0297351	-0.0400762	-0.071463	-0.00993257	-0.0152728	-0.0145637	-0.0099978	-0.0560356	-0.0422115	-0.0377441	-0.0228413	-0.0533204	-0.0328657	-0.0403548	0.0223508	0.144659	0.00333105	0.117582	-0.041086	-0.0169329	-0.0310226	0.0498581	-0.0111176	-0.0293744	-0.00214851	0.108526	-0.0438479	0.0842966	0.0155922	0.00730193	0.00214432	0.162205	-0.036978	0.155994	-0.032675
