1	-0.158813	-0.533218	-0.291275	-0.323741	-0.136144	0.713153	0.760111	-0.190328	0.0257507	0.14218	-0.138683	0.228936	-0.483659	-0.373662	-0.178172	-0.0542545	0.335086	-0.0787544	0.167208	-0.307625	0.137742	-0.014286	-0.167272	0.277992	-0.0837526	0.321688	-0.317125	-0.157949	-0.113191	-0.104384	-0.131719	-0.164307	-0.163291	-0.0702288	0.132635	-0.116574	0.182581	0.301918	-0.113045	-0.0746499	0.125034	-0.264687	-0.12416	0.241611	0.00114954	0.276535	-0.0250087	0.170669	-0.0712225	0.32577	-0.0766416	-0.464922	-0.109563	0.185073	0.149275	0.012452	0.570217	-0.0865766	-0.0813406	-0.111866	0.23303	-0.272979	-0.0858219	0.329856	0.230485	0.217198	-0.112813	-0.0860645	-0.14327	-0.0669786	-0.0690646	0.13115	-0.220903	-0.0204197	-0.133373	-0.0639979	-0.205899	0.0590599	-0.0409854	-0.163587	-0.0332976	-0.102392	-0.14235	-0.110017	0.0352208	0.000910607	-0.0567401	-0.0328441	-0.0876317	-0.067013	-0.0477612	-0.0554696	-0.0583976	-0.0452615	-0.0816552	-0.0740126	0.053257	-0.0664745	0.0787027	0.0641689	-0.00951913	-0.0457422	-0.131978	0.183697	-0.0465353	0.0149831	0.0100942	0.0965045	-0.0992756	-0.108768	0.0643668	-0.140609	0.0536162	0.117969	-0.0269873	0.0100997	0.218701	-0.0526448	0.00720038	0.101271	-0.0736317	0.129172	0.0878468	0.216142	0.243894	-0.065768	-0.000559165	0.0246187	-0.055602	-0.0318608	-0.101456	0.121118	0.0868759	-0.129543	0.0179828	0.220908	0.00675079	-0.014502	0.159011	-0.126937	0.105312	0.174233	-0.0217033	-0.0109558	0.100018	-0.0518214	0.0628843	0.0473943	-0.118425	-0.0267252	0.0140801	0.0619358	0.0493218	0.0147862	-0.13681	0.0170686	-0.0520161	0.0936315	0.131783	0.1101	-0.0197854	0.0553029	-0.00780383	-0.0505035	0.0133308	-0.0471516	0.000141408	-0.0959522	0.0476832	0.0932304	-0.00329436	0.087799	-0.0593893	-0.10552	-0.0660437	-0.0540473	0.0112913	-0.116918	-0.137768	0.162163	-0.076181	0.0218113	0.0500604	0.0493956	-0.038902	-0.0968747	0.0918205	0.164126	0.00601192	-0.00532736	0.0218128	-0.0492121	-0.0710288
-0.158813	1	-0.16258	-0.0901633	0.508782	-0.043987	-0.211707	-0.20412	-0.123477	-0.0739275	-0.0231823	0.89766	-0.0714115	0.0203028	0.125023	-0.0835259	-0.0237044	0.067233	-0.0237315	-0.0226215	-0.121448	-0.0230551	-0.0350935	-0.0452074	-0.0465671	-0.032508	-0.0569142	-0.120332	0.405577	-0.0316425	0.629596	-0.0361421	-0.0498894	-0.081937	-0.0327947	-0.0338328	-0.044059	0.00250524	0.0120686	-0.0380829	-0.00652383	-0.0168962	-0.0904891	0.421124	-0.0607337	-0.0268415	-0.0513643	0.0522795	-0.0362193	-0.0298859	-0.137063	-0.0420685	0.176481	-0.0406103	-0.071944	-0.0183588	-0.0183034	-0.0844559	-0.0339247	-0.0291187	-0.130583	-0.015224	0.313674	-0.0201836	0.19976	-0.038541	-0.0406391	-0.019787	0.576181	0.365133	-0.00739584	-0.0179736	-0.0563691	-0.0767189	-0.0758331	-0.0776649	-0.0234683	-0.0584704	0.198503	-0.0299005	0.0233603	-0.1191	-0.0259125	0.10026	0.0100605	-0.0266271	-0.0511003	-0.0124316	-0.0163442	0.465895	-0.0253309	-0.0271568	-0.0230411	0.395122	-0.120621	-0.0511776	-0.0323748	0.0278322	-0.0296292	-0.0359939	-0.00651494	-0.0220584	0.268912	0.199281	0.0166715	-0.0240125	-0.0794275	-0.159806	-0.071787	0.0709159	0.00117723	0.0490696	0.00389332	-0.0223478	-0.0284118	0.0278065	-0.0365947	-0.0312591	-0.0101432	-0.0484118	0.0338463	-0.0225989	-0.026889	-0.023199	-0.0193444	-0.0119189	-0.0167107	-0.00410908	-0.0595682	-0.0305434	-0.0268063	-0.0289542	-0.00981052	-0.0266997	0.0975657	0.172662	-0.00986798	-0.038236	-0.0113565	-0.00147054	0.102678	-0.0121762	0.0362584	-0.106658	-0.0526299	-0.0183177	0.0656061	0.110102	-0.074976	0.130323	-0.0233314	-0.0173199	-0.0670518	-0.0411899	-0.0136227	0.0429839	-0.0298895	0.033262	-0.0062528	0.007593	-0.0220355	-0.0200753	-0.028982	-0.0505358	0.0312024	0.0951687	-0.0221304	-0.0352206	0.100882	-0.0576221	-0.00426349	-0.021876	-0.0194868	-0.0172374	-0.0180942	-0.0257857	-0.00975402	-0.0238812	0.0878454	0.274825	-0.0320772	-0.0158689	-0.0293208	-0.0471536	0.009873	-0.0692139	0.0256821	0.0243374	-0.00856961	-0.0993603	-0.021565	-0.0245297	-0.0428518	0.0990578
-0.533218	-0.16258	1	-0.288619	-0.313088	0.260698	-0.697139	-0.673956	0.541062	0.187727	-0.0840103	-0.155338	-0.0205972	-0.0379529	-0.032693	0.418658	0.109789	-0.47785	0.145499	-0.0913331	0.155713	-0.0812819	0.109178	-0.142135	-0.134103	0.170818	-0.160857	0.160176	0.0813057	0.211643	-0.108437	0.267966	-0.109256	0.377561	0.03244	-0.124343	-0.0583611	-0.107157	-0.210807	0.197776	0.14049	-0.0658896	0.0579572	-0.11605	-0.141711	-0.045119	-0.174156	0.0509625	-0.0975385	0.135486	-0.292169	0.217297	0.298989	-0.0539174	0.0136711	-0.0778589	-0.0602126	-0.338819	0.0929632	-0.00751022	0.0384061	-0.132771	0.312578	0.155243	-0.078715	-0.12164	-0.121295	0.210361	-0.094141	0.085275	-0.0707135	-0.0478274	0.0175957	-0.133771	0.202068	0.230848	-0.04436	-0.15501	-0.0974222	0.0618723	0.111653	0.106615	0.0662351	-0.0175059	0.0441018	-0.0489402	0.0274572	0.0444895	0.102984	-0.0659647	0.0948136	-0.0445462	0.0764506	-0.0599132	0.0814564	0.102461	0.147565	-0.0518576	-0.0767538	0.00387988	-0.0111693	0.0963706	-0.059406	-0.126429	-0.106964	-0.0458374	0.0595583	0.0902831	-0.0146511	-0.0487986	0.0399735	-0.0359841	0.0465367	-0.0608714	-0.0465335	0.0255824	0.0255431	-0.0614998	-0.0368278	0.0266831	-0.0739224	0.00337367	-0.0701482	-0.0372858	-0.119855	-0.136921	-0.0528418	0.0232117	0.0407553	0.135698	0.0934508	-0.0694184	-0.0674349	-0.0538363	-0.0415432	-0.0298751	-0.119672	0.050553	0.0643195	-0.0855816	-0.0177954	-0.0793851	-0.163501	0.0966961	0.0251953	-0.0478173	0.000399325	-0.128108	-0.00966627	-0.0290264	0.075678	0.0155188	-0.0170063	0.00489569	0.00559935	0.0831518	0.0121879	-0.0203061	-0.0614494	-0.0956071	-0.0560141	0.0580969	-0.00846765	0.0708208	-0.00994485	-0.091409	-0.0685322	0.0154719	-0.00868484	0.0251175	-0.0408137	0.0472465	-0.0526692	0.0966338	-0.0651806	-0.0440662	0.0900911	-0.0353616	-0.0267554	-0.0749759	-0.0813813	-0.0657689	0.0029607	-0.00483782	-0.0303696	0.0904735	0.0378078	-0.0589091	-0.0946013	0.065665	-0.0308973	0.0261461	0.0459103	-0.0520526
-0.291275	-0.0901633	-0.288619	1	-0.168653	-0.0726536	0.418711	0.317477	-0.202982	-0.11102	-0.0313016	-0.0778924	-0.126374	0.367608	-0.0238185	-0.141428	-0.0283803	-0.180736	-0.0416475	-0.0473571	0.439784	-0.0424734	-0.0511326	-0.0603023	-0.081775	-0.0444313	-0.0932792	0.44313	-0.0792328	-0.0567545	-0.0449248	-0.0769709	0.492345	-0.128489	0.0374449	-0.0562213	0.335819	-0.0630599	-0.117551	-0.0592779	-0.0382774	-0.0409583	0.468339	0.139602	-0.117865	-0.0363644	-0.150345	-0.0396162	-0.0396773	-0.0355362	0.234112	-0.0811571	0.345163	0.316099	-0.12848	-0.047565	0.110139	-0.198573	-0.0115198	-0.0261992	-0.179613	-0.0665779	-0.0860459	-0.0412561	-0.240434	-0.0613629	-0.0549233	-0.0551515	-0.059697	-0.0801865	0.22234	0.165794	-0.096895	-0.0543818	-0.137387	0.00150004	0.210097	-0.0963508	-0.0605235	-0.0115426	0.0468097	0.0916879	0.111627	-0.0926917	0.058562	-0.0396009	0.0181821	0.0539318	-0.0584866	-0.0553841	0.0156613	0.062983	0.0110546	-0.0365088	0.119216	0.0659402	-0.0365031	-0.0466058	-0.0375828	-0.0337464	-0.0213725	-0.0528741	-0.0316087	0.0436391	-0.0273446	0.153559	0.00543739	0.0967404	-0.00405816	0.0651031	0.08137	-0.0851996	0.0877289	-0.0402246	-0.0588108	0.0348321	-0.0106246	-0.0890376	0.167469	0.0337211	-0.114641	0.170404	-0.0329309	-0.035263	-0.0627012	-0.0624493	0.183344	0.00355346	0.000241584	-0.0610587	-0.0265503	-0.0540331	-0.0411242	-0.0366958	-0.0635696	-0.0408314	-0.0551417	-0.0176806	-0.0282323	-0.106486	0.0763134	0.0143286	-0.0789709	0.0277215	0.0944962	-0.00446932	-0.0432341	-0.0824566	0.0518742	0.0193642	-0.0321346	0.00841506	0.0451278	-0.0284476	-0.00671043	0.0408676	0.00234087	0.0494883	0.010621	-0.0835776	-0.0180398	-0.0301235	-0.0463267	0.0231105	0.0435334	-0.0369634	0.179654	0.0237804	0.00969146	-0.0250259	-0.0177447	-0.00950964	-0.0312314	0.00240761	-0.0478421	0.210786	-0.0168889	0.0584018	-0.0589213	-0.0707988	-0.0226366	-0.0219579	-0.0560326	0.0172376	-0.0533559	0.019775	0.0389275	-0.0267544	-0.0532545	0.0299759	-0.0278932	-0.024045	0.062405	0.0442021
-0.323741	0.508782	-0.313088	-0.168653	1	-0.0848155	-0.420634	-0.407146	-0.242379	-0.158968	-0.0382038	0.455193	-0.153449	0.334757	0.559754	-0.16278	-0.0419273	0.348005	-0.0448765	-0.0533144	-0.207812	-0.0318551	-0.0652917	0.467102	-0.101187	-0.0640229	-0.123176	-0.205662	0.174531	-0.0675762	0.324439	-0.0895794	-0.0933744	-0.148685	0.0212744	0.0409144	-0.0843195	-0.0393339	-0.0120205	-0.0492503	-0.0421	-0.0414312	-0.169288	0.178831	0.0233621	0.0995169	0.0540338	0.00546789	-0.0579754	-0.0429659	-0.270892	-0.0949854	-0.107332	-0.0820746	-0.138707	-0.0463178	-0.0397613	-0.113409	0.0174401	0.141102	0.273548	-0.0642074	0.0319204	-0.0458165	-0.11207	-0.0851477	-0.0703631	-0.0626234	0.286281	0.155539	-0.0304545	-0.00379422	-0.10183	0.527924	-0.0941973	-0.127314	-0.0524054	0.583071	0.102143	-0.0467506	0.033121	-0.184884	-0.0590148	0.296372	0.0278134	0.0601752	-0.0441039	-0.0322277	-0.0356531	0.253764	-0.0387189	0.0711198	-0.0393083	0.194092	-0.160432	-0.077792	-0.0590831	0.0448925	0.223574	-0.073381	-0.0531586	-0.060393	0.168235	0.2956	-0.0734623	-0.0238101	-0.0954279	-0.2194	-0.0986323	0.124273	0.00916391	0.0426581	0.0381756	0.0483763	-0.0449873	-0.0308449	-0.06137	-0.120691	-0.0387214	-0.0718111	0.0740199	-0.0649029	-0.0447696	-0.0336026	-0.0675619	-0.0825375	-0.0200562	-0.031586	-0.0797492	-0.0406988	-0.0481291	0.277899	-0.0375621	-0.0115799	0.285491	0.0576844	-0.0820558	-0.0476058	-0.0321901	0.00926034	0.104772	-0.0458781	0.0597007	-0.11859	-0.100185	-0.0613284	0.106211	0.166619	-0.0968961	0.181319	-0.0293774	-0.0390955	-0.103063	-0.0465425	-0.0158322	0.0314301	-0.045285	0.051488	-0.0547804	0.0310262	-0.0544321	-0.0171372	-0.0153998	-0.109841	0.0432995	0.139418	-0.0174325	-0.0724367	0.131317	-0.0685234	-0.0543472	-0.0457122	-0.0167601	-0.0414456	0.269106	-0.0470694	-0.0223377	-0.0259887	0.241742	0.347221	-0.0848533	0.204212	0.0201851	-0.0701806	0.0143371	-0.0810225	0.0474188	-0.0202757	-0.041213	-0.114319	0.0738685	-0.0316219	-0.0429293	0.122527
-0.136144	-0.043987	0.260698	-0.0726536	-0.0848155	1	-0.17892	-0.171331	0.202339	-0.070347	-0.0184062	-0.0460086	-0.067687	-0.0452979	0.0276285	-0.0765089	-0.0133771	-0.0385864	0.584029	-0.0202379	0.038028	-0.0121636	-0.0186753	-0.0341791	-0.0440058	0.50844	-0.054975	0.0381868	-0.0425455	-0.0292361	-0.033411	0.0854318	-0.0388914	-0.073043	-0.0223629	-0.0356546	-0.0289274	-0.0284869	-0.0316026	-0.029073	-0.00999846	-0.0185792	-0.0960626	-0.0354619	-0.0119459	-0.0317798	-0.0333454	-0.0210178	-0.00835189	-0.0212044	-0.154685	-0.0380643	-0.0579348	-0.025822	0.0542957	-0.0162763	-0.0168329	-0.0972041	0.411148	-0.018876	0.138606	-0.0387021	0.0348051	-0.0085547	-0.041237	-0.0415508	-0.0162513	-0.0153406	-0.0329575	-0.0408135	-0.0147321	-0.0322811	-0.0586131	0.095437	0.111484	-0.065574	-0.0152711	-0.0515943	-0.0295893	-0.0146811	0.109159	0.126023	0.00109113	-0.0408029	0.124734	-0.0196966	0.0562289	0.290504	-0.0218866	-0.0151186	0.360859	0.0161463	0.0268901	-0.0122054	0.15262	0.12373	-0.033633	-0.0163619	-0.0260712	-0.0278178	-0.0299387	-0.0173518	-0.0210058	-0.0107117	-0.0947237	-0.0146269	-0.00493807	0.129642	-0.0167882	-0.00621855	0.0460385	-0.0478756	0.0607175	-0.0296199	-0.0186947	-0.0802147	0.000903753	0.0230823	-0.0130251	-0.0166501	0.0121043	-0.0219633	-0.0179158	-0.0144374	-0.028794	-0.047886	-0.00198464	-0.0351665	-0.0328035	0.244916	-0.0264473	-0.0182769	-0.0225035	-0.0219137	-0.0439639	-0.0276783	-0.0449932	-0.0197225	-0.0175869	-0.0213533	-0.0483317	-0.0220345	-0.0793278	0.0701068	-0.0332504	0.000323619	-0.0494613	-0.0208923	-0.0481831	0.00213373	-0.0196403	0.0341744	0.0173935	-0.00712041	-0.0158709	0.0383812	0.00858742	0.0253987	-0.0188257	-0.0644926	-0.0293407	0.0677125	-0.0239371	-0.0461221	0.0847261	0.0176144	-0.0179263	-0.0111362	0.0854217	-0.043463	-0.0186987	-0.0272955	-0.0186152	-0.00165756	-0.0258927	-0.0278822	0.00255058	-0.000796068	-0.0377925	-0.0129238	-0.0231693	-0.0134478	0.153018	-0.0391288	-0.00810195	-0.0204599	0.0473957	-0.0156968	-0.0200484	0.0110026	-0.0243292	-0.0245094	-0.0113678	-0.000335415
0.713153	-0.211707	-0.697139	0.418711	-0.420634	-0.17892	1	0.953417	-0.370626	-0.0478	0.113921	-0.196788	0.145837	-0.250725	-0.375729	-0.272733	-0.0666983	0.22238	-0.106081	0.129337	-0.0328408	0.102623	-0.0533716	-0.203746	0.220542	-0.10681	0.256029	-0.0396777	-0.200731	-0.145442	-0.132943	-0.185599	0.184532	-0.244817	-0.0420667	0.0952061	0.122767	0.137238	0.219209	-0.148773	-0.0958111	0.100297	0.027994	-0.0269535	0.135243	-0.0241056	0.152118	-0.0763214	0.143924	-0.0919115	0.463122	-0.205248	-0.237907	0.115555	0.101646	0.113402	0.0908395	0.43311	-0.0879093	-0.0984012	-0.22426	0.184783	-0.317384	-0.106985	0.181206	0.188717	0.174366	-0.149507	-0.136745	-0.187731	0.0963362	0.0429198	0.0683507	-0.247255	-0.110209	-0.118446	0.0891835	-0.266763	0.0195314	-0.0358762	-0.13935	0.0507142	-0.0146141	-0.216856	-0.0474859	0.0115864	0.00845647	-0.0130899	-0.101199	-0.124363	-0.0588736	-0.00916027	-0.0335783	-0.0869434	0.0532801	-0.0354642	-0.0963712	0.0231415	-0.0899388	0.0554333	0.0492102	-0.0389643	-0.0636374	-0.0879071	0.16919	0.0591561	-0.022885	0.0655955	0.0590894	-0.0717171	-0.0290096	0.00502335	-0.052937	0.0305573	0.0830131	-0.00460187	0.0125611	0.160356	0.0691564	0.0335813	0.0221442	0.0475729	0.090665	0.0653808	0.179512	0.210864	0.0722496	0.00431359	-0.0129357	-0.110281	-0.0438964	-0.137948	0.0912769	0.0650653	-0.18229	-0.0245287	0.194257	-0.0733272	-0.0288919	0.0620965	-0.0630358	0.106524	0.121099	0.0133119	0.0334021	0.0914174	-0.100302	0.0140208	0.0566837	-0.0968284	-0.0635821	-0.00266031	0.0760125	0.0415938	0.0102625	-0.0920889	0.0333301	-0.0273603	0.0938788	0.0755299	0.0913747	-0.0409615	0.0233482	0.0152011	-0.0306714	-0.00145539	0.0797496	0.0222128	-0.0775877	-0.00400066	0.0739184	-0.00431363	0.0646777	-0.0577179	-0.132288	0.081465	-0.06574	0.055138	-0.160322	-0.183315	0.154653	-0.0864169	-0.0179742	0.0379583	0.0212164	-0.0116299	-0.0590301	0.0753038	0.126584	0.0156205	-0.0242223	0.00527957	-0.00773491	-0.0378248
0.760111	-0.20412	-0.673956	0.317477	-0.407146	-0.171331	0.953417	1	-0.342024	-0.0333435	0.12313	-0.177087	0.152443	-0.285129	-0.350446	-0.246547	-0.0602725	0.249858	-0.10247	0.134057	-0.0910837	0.104739	-0.0458707	-0.189881	0.219907	-0.102214	0.259355	-0.0977071	-0.195058	-0.136415	-0.124072	-0.174032	0.00255463	-0.226189	-0.0313582	0.0985524	-0.102023	0.138221	0.226167	-0.139401	-0.0945334	0.102012	-0.0370656	-0.0127436	0.152047	-0.0172636	0.178955	-0.0479068	0.151083	-0.0824253	0.419965	-0.186528	-0.272435	-0.114485	0.109283	0.115428	0.0890275	0.447662	-0.0815418	-0.0962974	-0.199031	0.186722	-0.291613	-0.109869	0.20797	0.192046	0.187068	-0.143618	-0.117027	-0.182428	0.0928135	0.0452185	0.0774142	-0.231811	-0.0940272	-0.110688	0.0917624	-0.250911	0.0233534	-0.0393236	-0.118902	0.0624671	-0.0169778	-0.195838	-0.0312609	0.0100767	0.0148756	-0.0130035	-0.0797643	-0.113914	-0.0497562	-0.00662729	-0.0373504	-0.0764415	0.0583227	-0.0281282	-0.0870638	0.0257107	-0.082007	0.0458177	0.0637553	-0.0407483	-0.0606211	-0.0828551	0.125984	0.0694869	-0.00291111	0.0862818	0.0770861	-0.0556744	-0.0163785	-0.0147137	-0.0456475	0.0330282	0.0866535	-0.0603015	0.0110458	0.177006	0.0707935	0.0262023	0.0432797	-0.0912125	0.101016	0.067024	0.181293	0.214389	0.0657641	0.0108371	6.29132e-05	-0.0877084	-0.0378544	-0.127601	0.0918457	0.061279	-0.163569	-0.00594674	0.197279	-0.0651073	-0.0246711	0.0915057	-0.0983062	0.117665	0.140515	0.0158467	-0.0322026	0.103127	-0.0792831	-0.00256508	0.0739665	-0.141102	-0.0430012	0.00563536	0.0890297	0.0404635	0.0187793	-0.118112	0.0313134	-0.0463833	0.0983458	0.0915726	0.0963894	-0.031158	0.02498	0.0212931	-0.0488889	-0.0180473	0.0867953	0.0144039	-0.115262	0.00906164	0.076453	-0.00499679	0.0613641	-0.0493954	-0.126931	-0.0774854	-0.0666522	0.0602185	-0.146438	-0.172983	0.161875	-0.0859352	-0.0189959	0.0538715	0.0378474	-0.0123146	-0.089084	0.0727241	0.126299	0.029013	-0.0137128	0.00790258	-0.00613634	-0.076375
-0.190328	-0.123477	0.541062	-0.202982	-0.242379	0.202339	-0.370626	-0.342024	1	-0.196821	-0.0677412	-0.11968	0.0673339	-0.168762	-0.281535	0.57488	-0.0558943	-0.474264	0.191983	-0.0623524	0.108757	-0.059682	0.157149	-0.116886	-0.115531	0.164203	0.134921	0.113365	-0.123578	0.289617	-0.0865817	-0.0517772	-0.120651	0.534346	-0.0735349	-0.103392	-0.0811228	-0.0880173	-0.164327	-0.0993136	-0.0578514	-0.060147	0.11829	-0.100474	-0.143844	-0.0981654	-0.161485	0.14318	-0.0884638	0.197447	-0.176914	0.340194	0.360813	-0.076042	0.109179	-0.0572702	-0.0562953	-0.288735	-0.0538204	-0.0668253	-0.0972426	-0.096648	0.325421	0.188317	-0.00818541	-0.0966519	-0.104535	-0.0850912	-0.0825763	-0.118709	-0.0583796	-0.0531456	-0.106466	-0.176147	-0.0903386	0.356138	-0.0513185	-0.14932	-0.0717696	0.0696498	-0.0117401	0.0272849	0.0701785	-0.0971755	-0.0452705	-0.0482703	-0.0358896	0.0633601	-0.0256853	-0.0714095	0.011434	-0.0284333	0.0424744	-0.050273	-0.00165589	-0.011447	-0.0543408	-0.0769118	-0.0543188	0.187156	0.00236778	-0.0859744	-0.0518058	-0.118812	0.0218478	-0.0425371	0.0589103	0.0496754	0.0569481	-0.0160367	-0.00051743	-0.038827	-0.00344803	-0.063118	-0.079802	0.158206	0.0516365	-0.112483	-0.0365293	0.00528287	-0.163056	0.0243958	-0.035052	-0.0351826	-0.093445	-0.110163	-0.0474594	0.0616723	0.103552	-0.00838142	0.00407722	-0.0601268	-0.0461249	-0.0461712	-0.0938042	-0.0289105	-0.0972924	0.177044	0.135426	-0.106375	0.0452599	-0.0568466	-0.181639	0.0579038	0.0698345	-0.0187113	0.0831462	-0.125598	0.0992781	-0.00597069	0.0114467	-0.0184123	0.0314233	0.0275629	0.00720288	0.0644028	0.03008	0.0150832	-0.0198572	-0.0996287	-0.014186	0.105922	0.00447868	0.0468365	0.0349255	-0.0797882	-0.0540115	-0.0122825	0.0166649	0.124943	-0.0144327	0.158336	-0.014168	0.111457	-0.0671568	-0.0393696	-0.0483842	-0.0229265	-0.0893638	-0.0592006	-0.0489544	-0.0710369	-0.0412153	0.0304849	-0.14223	0.198833	0.119545	-0.0495918	-0.0714273	0.17703	0.0356476	-0.0288832	0.0714121	-0.0460909
0.0257507	-0.0739275	0.187727	-0.11102	-0.158968	-0.070347	-0.0478	-0.0333435	-0.196821	1	-0.0314014	-0.0719264	0.588942	-0.0264704	0.13107	-0.134613	-0.0391292	-0.310299	-0.0472298	0.345021	0.0793449	-0.0383913	-0.0481909	-0.0838353	-0.0744178	-0.0392102	0.364962	0.0826942	-0.0804425	-0.0431725	-0.0492484	0.435271	-0.0656306	-0.111428	-0.0447257	-0.058763	-0.0419095	-0.0565949	-0.113299	0.422689	0.274272	-0.0346231	-0.123536	-0.0662115	0.105437	0.0438982	0.188549	-0.0509199	-0.0325381	-0.0449136	-0.284368	-0.0865081	-0.244723	-0.0391867	0.521955	0.30853	-0.041802	-0.202189	-0.0444175	-0.0564884	0.460381	0.487216	-0.15929	-0.0354911	-0.315169	-0.0671545	-0.055853	0.4236	-0.043501	-0.0837823	-0.0454678	-0.033619	0.65847	-0.113186	0.729488	-0.0925445	-0.0312287	-0.0999822	-0.0554548	0.0703218	0.147369	0.131819	-0.018875	-0.0881718	0.11554	-0.0405254	0.0361921	-0.0323571	-0.0514898	-0.0510497	-0.0443996	-0.0378481	-0.0195395	-0.0358922	0.0573217	0.0843158	0.308918	-0.0596855	-0.0282897	-0.0123792	0.204217	0.223649	-0.0337155	-0.0890957	-0.122483	-0.0396646	0.092409	0.148429	0.0833501	-0.0757233	0.113385	-0.095675	0.030483	-0.0405929	-0.0112671	-0.0379018	-0.0226751	0.0723269	-0.00344204	0.0237553	-0.0692005	-0.00949518	0.25062	-0.0254234	-0.0674993	-0.113961	-0.0319204	0.00200281	0.0175881	0.0931644	0.148432	-0.0380333	-0.0337378	-0.0338099	-0.0789978	-0.0395865	-0.11457	-0.0255132	-0.0432725	0.00884799	-0.0789385	0.201809	-0.0219216	0.0656621	0.0139664	0.176792	0.00321474	-0.0570026	0.0412275	-0.0224109	0.150281	-0.0132424	-0.0133658	-0.0245989	-0.0228629	0.0679342	0.00158993	-0.0739628	0.183208	0.0239273	0.13	-0.00220221	-0.0388696	0.135374	-0.0852402	0.042308	-0.0419197	-0.00250565	0.00675404	-0.044994	0.199538	-0.0263535	-0.0162648	-0.0251142	-0.0499985	-0.0070755	0.1657	-0.0346084	0.00855643	-0.0601183	-0.0881595	-0.0251973	-0.0549301	-0.087953	0.0233576	-0.0215719	0.0564648	-0.0437295	-0.0525779	-0.103511	-0.0278025	0.102441	-0.0408302	0.0925896
0.14218	-0.0231823	-0.0840103	-0.0313016	-0.0382038	-0.0184062	0.113921	0.12313	-0.0677412	-0.0314014	1	-0.0221541	-0.028733	-0.0805248	-0.0479432	-0.0507409	-0.00421118	0.127885	-0.00703559	-0.0042185	-0.0636095	-0.015657	-0.00365083	-0.0157194	-0.0197806	-0.0114907	-0.0198125	-0.0617061	-0.0345097	-0.0269729	-0.0161816	-0.0250222	-0.0321002	-0.0484523	-0.0130899	-0.0185259	-0.0300659	-0.0143947	-0.0386433	-0.0142823	-0.0148549	-0.001834	-0.0352298	-0.0139214	0.124493	-0.00896399	0.0343133	0.00301502	0.657825	-0.0136622	0.105187	-0.0230373	-0.0868744	-0.0287172	-0.0254105	-0.00754743	-0.0080556	0.143746	-0.00294933	-0.0118708	-0.0578884	-0.00841569	-0.0640652	-0.0213838	0.0875137	0.0407805	0.444296	-0.0250786	-0.0135672	-0.0298895	-0.00871976	0.0159843	-0.0188424	-0.0307799	-0.0400701	-0.0390628	-0.00227031	-0.023423	-0.0242596	-0.00959223	0.0399182	0.0503132	-0.024116	-0.0296795	0.0408295	-0.00957473	-0.0147312	0.00583734	-0.0196098	-0.00869959	-0.0139586	-0.00280347	0.006802	-0.00379325	0.0570857	-0.0204366	-0.0199265	-0.02856	-0.00419253	-0.0301184	-0.00578764	-0.0153405	-0.0136468	-0.0137199	-0.00190194	0.00549313	-0.0186183	0.0420108	-0.0098664	-0.018221	0.0397052	-0.0306843	0.0398282	-0.0180777	0.241352	-0.0396743	-0.00136848	0.0208714	-0.000852439	-0.00926633	0.00405042	-0.0184648	0.00184159	-0.00512339	0.0343865	0.0348786	-0.00453049	-0.0167858	-0.0116902	-0.00599249	-0.0193049	-0.00972225	-0.00474453	0.00387319	-0.0295115	-0.00683107	0.0338179	-0.0034598	-0.00934911	-0.00116701	-0.0465385	-0.00112654	0.0885426	0.0492204	-0.0164575	-0.00350317	-0.0513035	-0.00737281	-0.0411452	-0.0245886	-0.0128562	-0.0195154	-0.0484186	0.00601695	0.0125345	0.0258891	-0.00895125	-0.0608099	-0.00389321	0.0188419	0.00674228	-0.000107971	0.0172295	0.0508686	-0.058873	-0.0074755	0.0100578	0.00595375	-0.0201714	-0.043563	-0.000990846	-0.0223238	-0.0181797	-0.0222784	-0.0167009	-0.0100772	-0.00758768	0.0015869	-0.0269547	-0.0112908	0.040701	-0.0102153	-0.00151994	-0.0365782	0.0678298	-0.0240137	-0.0347119	-0.00842719	0.0624811	-0.0521536	-0.0195316	-0.0111349	0.00918278	-0.0184655
-0.138683	0.89766	-0.155338	-0.0778924	0.455193	-0.0460086	-0.196788	-0.177087	-0.11968	-0.0719264	-0.0221541	1	-0.0700943	0.0468666	0.151679	-0.079588	-0.030178	0.0448869	-0.0243856	-0.0204593	-0.123481	-0.0195298	-0.0339872	-0.0462138	-0.0427643	-0.0304969	-0.0583348	-0.122349	0.445483	-0.0332026	0.680639	-0.0396436	-0.0464903	-0.0737781	-0.0386774	-0.0318593	-0.0389508	-0.0211784	-0.0656421	-0.0350344	-0.0121894	-0.0190597	-0.085636	0.478195	-0.0761085	-0.0319406	-0.100687	0.0656754	-0.037911	-0.0236019	-0.177722	-0.0417944	0.221348	-0.0356683	-0.0719824	-0.0213351	-0.0228642	-0.132376	-0.0351653	-0.0269415	-0.130787	-0.030241	0.364111	-0.0187384	0.193175	-0.0306062	-0.0454719	-0.0240273	0.653722	0.403383	-0.00550716	-0.0116832	-0.0564861	-0.0756051	-0.0813966	-0.0712755	-0.021187	-0.056656	0.228509	-0.0259375	0.0423027	-0.135021	-0.0247958	0.109299	0.0167188	-0.0267747	-0.0423509	-0.020846	-0.0115224	0.511325	-0.0289165	-0.0233627	-0.0250403	0.430887	-0.113616	-0.04971	-0.0339433	-0.0387328	-0.0279424	-0.0423192	-0.043982	-0.0296921	0.286335	0.228589	0.00146849	-0.0150393	-0.0695612	-0.162508	-0.0838674	0.100186	0.00739448	0.0359295	0.025518	-0.0252322	-0.0295076	0.050153	-0.032074	-0.0853853	-0.00621095	-0.041886	0.0016357	-0.0214911	-0.0277118	-0.0202451	-0.0208407	-0.0534727	-0.0176357	0.00461412	-0.0517015	-0.0325201	-0.0224021	-0.0257489	-0.0130137	-0.0226182	0.107418	0.224588	-0.0533925	-0.0358354	-0.00991345	-0.0343002	0.135413	-0.0386057	-0.00453864	-0.10456	-0.045744	-0.0439122	0.0638012	0.0989083	-0.0932256	0.153278	-0.0242373	-0.0208001	-0.107378	-0.0380997	-0.0189927	0.0748933	-0.027726	0.025349	-0.0336337	0.00319552	-0.0417844	-0.0245403	-0.0238933	-0.0463673	0.0214593	0.108548	-0.011189	-0.0264607	0.123817	-0.0673025	-0.0348012	-0.0247668	-0.0149937	-0.0163295	-0.0143297	-0.0257173	-0.00537731	-0.0194305	0.0998924	0.30512	-0.0323424	-0.0173585	-0.0323178	-0.0779686	0.0288113	-0.0663227	0.0460823	0.00867112	-0.0162883	-0.124995	-0.0309445	-0.0229949	-0.0395324	0.119812
0.228936	-0.0714115	-0.0205972	-0.126374	-0.153449	-0.067687	0.145837	0.152443	0.0673339	0.588942	-0.028733	-0.0700943	1	-0.301845	-0.188413	-0.133813	-0.0466041	-0.30045	-0.0462383	0.366623	-0.2249	-0.0329476	-0.0486247	-0.0784343	-0.0794924	-0.0365904	0.817813	-0.223303	-0.0795046	-0.046984	-0.0559106	-0.0794965	-0.0832829	-0.103283	-0.0555854	-0.0639049	-0.064124	-0.0538635	-0.104249	0.437852	-0.0257923	-0.0234259	-0.19607	-0.0565634	0.131045	-0.00417871	0.27166	-0.039076	-0.0424928	-0.0401835	-0.343148	-0.0833268	-0.299089	-0.0621488	0.915593	0.322873	-0.0394101	-0.195469	-0.0342184	-0.0442221	0.514036	0.517586	-0.146499	-0.0416628	-0.292692	-0.0721819	-0.0610184	-0.0613083	-0.0423606	-0.0860267	-0.0457862	-0.0298314	0.744951	-0.106226	0.510713	-0.0682868	-0.0260063	-0.0967146	-0.0583782	0.0067662	-0.00097093	-0.00522493	-0.0525056	-0.0860777	-0.0217804	-0.0481659	-0.0218544	-0.0361501	-0.048853	-0.0535937	-0.0219715	-0.0383536	-0.0105564	-0.0448607	-0.0859018	-0.0695217	0.307893	-0.0614282	-0.0275257	0.244018	0.218427	-0.0577089	-0.0356057	-0.0974346	0.00984205	-0.0410119	0.109198	0.030965	0.10778	-0.0819995	0.00170676	0.00853834	-0.0906135	-0.0428354	-0.00954701	0.110483	0.0143659	0.0735922	-0.0378452	0.00921807	-0.0726853	-0.0175823	0.274813	-0.0140571	-0.0709803	-0.124142	-0.037434	0.00766499	0.0852126	0.1148	0.177673	-0.0435949	-0.0184868	-0.0273899	-0.0768194	-0.0311256	-0.120315	0.0400319	0.0037259	0.0292618	0.00868702	0.210603	-0.0552781	-0.0433534	0.0686043	0.21192	0.0810998	-0.0325583	0.141222	0.0118665	0.164034	-0.0284957	0.100815	0.0148379	-0.0175366	0.0478658	0.0553384	0.0462745	0.198948	-0.046207	0.142786	0.0700236	-0.0385821	0.078942	0.0342312	0.0166459	-0.0492502	-0.0379214	0.0520324	0.0689025	0.202895	0.035976	-0.013511	-0.036259	-0.046384	-0.0200816	-0.0471446	-0.0297629	-0.0651502	-0.0672208	-0.0956406	-0.0300016	-0.0535887	-0.0190721	-0.117097	0.0740044	0.131307	-0.0349136	-0.0445113	0.0266206	0.1189	0.00317734	-0.030191	0.110411
-0.483659	0.0203028	-0.0379529	0.367608	0.334757	-0.0452979	-0.250725	-0.285129	-0.168762	-0.0264704	-0.0805248	0.0468666	-0.301845	1	0.636433	-0.333566	0.101786	-0.00430634	-0.0827378	-0.114967	0.545277	-0.0760118	0.136975	0.246186	-0.198592	-0.107667	-0.24073	0.536296	-0.170058	-0.138432	-0.110006	0.171613	0.264681	-0.304099	0.149471	-0.128827	0.201891	-0.127698	-0.237497	-0.12116	0.118627	-0.0866485	0.479413	0.227216	-0.117728	0.0722373	-0.15375	0.119927	-0.0997046	-0.0913468	0.0479792	0.228368	0.224143	0.195389	-0.287383	-0.103094	0.0248439	-0.39373	0.13006	0.141474	0.173911	-0.158227	-0.246351	-0.0836053	-0.558488	-0.164433	-0.102868	0.191126	0.162623	-0.174117	-0.0764689	0.119695	-0.222844	0.369389	-0.0581562	-0.155094	0.117717	0.304499	0.010926	-0.00976166	0.0930157	0.0234934	-0.0745368	0.148488	0.0861165	-0.0826769	0.044486	-0.00401366	-0.0236185	-0.0924807	0.0788349	0.0979535	-0.0375992	-0.080914	0.0568089	0.110898	-0.0931518	-0.0808343	0.110204	-0.0898936	-0.0267435	0.0716659	0.0868571	0.0464113	-0.103474	0.0859732	-0.00803387	0.0477788	-0.00431967	0.0677681	0.0208934	-0.0276238	0.0326712	-0.0766766	-0.0641806	0.0599685	-0.0727271	-0.183588	0.0877534	-0.00690369	-0.0719928	0.0837889	-0.0696829	-0.0696997	-0.149467	-0.191335	-0.0490957	0.0282885	-0.0288904	0.0235455	-0.0673297	0.158098	-0.0828076	-0.0564942	0.165885	0.03493	-0.184252	0.0380421	-0.0502538	-0.0875184	0.0734992	-0.0490033	-0.0755041	0.00329996	-0.00569813	-0.0732585	0.069518	-0.0627544	0.0111251	0.0218321	-0.0324406	0.0343889	-0.0270467	-0.0863508	-0.0175172	0.0200085	-0.052703	0.00788739	-0.0493307	-0.0327391	-0.0819265	-0.0459572	-0.0699696	-0.00620564	-0.0092018	-0.0113591	0.0986452	0.0148087	-0.0180914	0.0271756	-0.0545183	-0.0660391	-0.0106908	-0.0453903	0.146997	0.104241	0.0904321	0.000856979	0.183594	0.0608444	-0.112077	0.113579	-0.0252181	0.00798988	0.0621216	-0.0749505	-0.0677447	-0.0584778	-0.0818045	-0.042943	0.0019878	0.0102213	0.0203719	-0.0207978
-0.373662	0.125023	-0.032693	-0.0238185	0.559754	0.0276285	-0.375729	-0.350446	-0.281535	0.13107	-0.0479432	0.151679	-0.188413	0.636433	1	-0.209437	0.1696	0.393819	-0.0617762	-0.0703878	-0.0747689	-0.0474599	-0.0822152	0.388605	-0.128694	-0.0731258	-0.155189	-0.0703096	-0.102694	-0.0905582	-0.0666763	0.289894	-0.113962	-0.190657	0.0808367	-0.0773527	-0.0918582	-0.0775555	-0.152559	-0.0606859	0.185085	-0.0468977	-0.140751	0.362057	0.053752	0.154315	0.0465225	-0.0436917	-0.055676	-0.0562088	-0.386899	-0.122079	-0.176726	-0.0861444	-0.173543	-0.0649811	-0.0508613	-0.249032	0.209793	0.219315	0.476667	-0.0938139	-0.0520899	-0.0569827	-0.285411	-0.109299	-0.0810952	0.291337	0.260997	-0.104678	-0.0411782	-0.0278576	-0.127698	0.569573	0.111982	-0.0391169	0.201059	0.493698	0.071221	-0.0048868	0.0778797	-0.0362832	-0.0462448	0.24	0.0632539	-0.0416432	0.00982006	-0.0477898	-0.0151851	-0.0390897	0.0800325	0.0496211	-0.052849	-0.046265	-0.00486079	0.114636	-0.0561791	-0.0708818	0.176692	-0.0808502	-0.0726626	0.140968	0.126358	0.142039	-0.132969	0.0146403	-0.0154394	-0.0297233	-0.0454841	0.0807301	-0.00931808	0.00990161	0.0290842	-0.0425704	-0.0072936	0.0029449	-0.0689519	-0.161627	-0.0325037	-0.0653327	0.0121532	-0.0321734	-0.0496938	-0.0385832	-0.0828942	-0.164364	-0.0198349	0.00341463	-0.0244925	0.0631076	-0.0447594	0.241563	-0.0611552	-0.0210691	0.232558	0.0790844	-0.161942	-0.0360512	-0.0478187	-0.0116991	0.0553685	-0.0691205	-0.0207135	-0.0494781	-0.042612	-0.0759934	0.0397734	0.0482151	-0.0635816	0.0784455	-0.0368592	-0.0224833	-0.0849366	-0.0454031	0.00523068	0.0124623	-0.0406464	0.00467965	-0.0799295	0.0233272	-0.0792226	-0.00976356	-0.0217252	-0.0563914	-0.0106652	0.0587681	0.00139371	-0.051235	0.0408752	-0.0383353	-0.0721235	-0.0523513	-0.0447084	-0.042235	0.217083	-0.0320167	0.126671	0.0379015	0.254727	0.140334	-0.119456	0.172005	0.0273611	-0.0489619	0.0824796	-0.0946691	-0.0338603	-0.0473615	-0.0739049	-0.103261	0.0527028	0.0392871	-0.0376221	0.0328842
-0.178172	-0.0835259	0.418658	-0.141428	-0.16278	-0.0765089	-0.272733	-0.246547	0.57488	-0.134613	-0.0507409	-0.079588	-0.133813	-0.333566	-0.209437	1	-0.0387326	-0.335304	-0.0476543	-0.035562	-0.167003	-0.038206	-0.0453179	-0.0781403	-0.0802594	-0.0616273	-0.113262	-0.164216	-0.0897631	0.406962	-0.058106	-0.0215264	-0.0877899	0.912801	-0.0553232	-0.0765953	-0.0523412	-0.0547095	-0.130345	-0.0663839	-0.0471654	0.229467	-0.107708	-0.0833631	-0.154776	-0.055833	-0.180696	-0.050679	-0.0633072	0.290276	-0.28794	-0.0263409	0.382715	-0.049233	-0.132714	-0.0360035	-0.0381678	-0.170932	-0.0343518	-0.0433976	-0.209687	-0.0597727	0.580103	0.266424	0.266242	-0.063465	-0.066487	-0.0605934	-0.053084	-0.0859199	-0.035278	-0.0364802	-0.0895891	-0.128464	-0.0981634	0.659671	-0.0498655	-0.105693	-0.0537947	0.114831	0.0345595	0.0931525	0.125042	-0.0928459	0.0347871	-0.0118632	-0.0550345	-0.0426793	-0.0484826	-0.057348	-0.011192	-0.0321825	0.0570428	-0.039402	0.0514839	0.0561333	-0.022948	-0.0367071	-0.0437684	-0.0084835	-0.041621	-0.0588306	-0.0514612	-0.0891701	-0.0552598	-0.0341302	0.0381341	0.0576802	0.00765335	0.00735299	0.0443775	-0.0673852	0.0617376	-0.0326154	-0.0673621	0.0220213	0.0813449	-0.0639045	-0.0266432	0.0229277	-0.0877129	0.0434844	-0.0342727	0.163022	-0.0620765	-0.0354124	-0.0229656	0.0149537	0.0736802	-0.009879	-0.008618	-0.048165	-0.0313864	-0.0298778	-0.0840186	-0.0166609	-0.0256111	0.0531694	0.169418	-0.0529837	-0.0250469	-0.0436754	-0.1059	0.0739743	0.0777227	-0.0273946	-0.0618839	-0.0264781	-0.0297717	0.0206487	0.00153585	-0.0438599	-0.0766799	0.0210175	0.0248422	0.0921741	-0.00254565	-0.0678386	-0.0296317	-0.03515	-0.00399199	0.0309894	0.0359653	0.102248	-0.0688091	-0.0501344	-0.0381355	0.0272959	-0.00930547	-0.0311472	-0.0231565	0.197707	-0.0170323	0.166033	-0.0453994	-0.0122624	-0.0340499	-0.0361902	-0.0704181	-0.0677525	-0.00314436	-0.0459182	-0.0217556	-0.041349	-0.0841991	0.223816	0.125102	-0.0450998	-0.0530507	0.10685	-0.036011	0.00248926	0.119178	-0.0270353
-0.0542545	-0.0237044	0.109789	-0.0283803	-0.0419273	-0.0133771	-0.0666983	-0.0602725	-0.0558943	-0.0391292	-0.00421118	-0.030178	-0.0466041	0.101786	0.1696	-0.0387326	1	0.119931	-0.0121331	-0.0173757	-0.0549117	-0.0159017	-0.0196981	-0.021326	-0.0154162	-0.00352144	-0.0411322	-0.0531575	-0.0247286	-0.0179612	-0.0165148	-0.016028	-0.037658	-0.0367498	0.644864	-0.00918065	-0.0332661	-0.0110556	-0.0109508	-0.0150655	0.0157883	0.00796918	0.158638	-0.0250715	-0.0380647	-0.00619323	-0.0389312	-0.0193729	-0.0138171	-0.00949583	0.106563	-0.0119517	0.0891512	-0.0319786	-0.0444921	-0.0174554	-0.00866154	-0.0395865	-0.00812827	-0.00808447	-0.0681144	-0.021344	-0.0545198	-0.00200549	-0.0545041	-0.0136876	-0.0225904	-0.00305426	0.0243306	-0.0281624	-0.00388817	-0.0106075	-0.0375832	-0.0348279	-0.0504419	-0.0276245	-0.0157396	-0.0189257	-0.00169188	0.00647241	-0.0731695	-0.0148832	-0.00074751	-0.0284392	-0.0210418	-0.00994048	0.0752987	-0.000216515	-0.0233289	-0.0195378	-0.0103993	-0.00346458	0.00144392	-0.0195518	-0.0488629	-0.0159513	-0.00649342	0.000293212	-0.00482294	-0.0129632	0.00248642	0.00803296	-0.00955656	-0.0383406	0.037652	-0.0208907	0.0240684	0.0018031	0.0201858	0.0306444	-0.0326349	0.0172714	-0.0302438	-0.0144691	-0.00567978	0.055717	-0.000118089	-0.0123618	-0.0113915	-0.0158842	-0.0257264	0.0721065	-0.00641212	0.00617452	-0.00641034	-0.0106424	-0.00492035	-0.0140302	-0.0223925	-0.00670193	-0.0153685	-0.0169672	-0.0152846	-0.001461	-0.0233413	0.0796526	-0.00823994	-0.0105583	-0.0177172	-0.0344993	0.0774417	-0.0101212	-0.022479	-0.0408954	-0.0245166	-0.00166769	0.0613227	-0.0539787	0.0909065	-0.0408922	-0.00389135	0.0848529	0.0780529	0.00613177	0.0426039	-0.054272	0.0052502	0.0417273	-0.0103054	-0.0235394	-0.0101907	-0.0156877	-0.00286205	-0.00580172	0.0226021	-0.0554927	-0.0210155	-0.016657	-0.0421218	0.096354	-0.00502421	-0.0168222	-0.022805	0.00480951	-0.00768362	-0.0107209	-0.00263527	-0.0244867	-0.0100114	-0.0267619	-0.0162623	-0.00634805	-0.0122477	0.0759645	-0.0325553	-0.0164847	-0.0290441	-2.7822e-05	-0.0196334	0.0496895	-0.00149552	-0.0113673	0.00190905	-0.0470647
0.335086	0.067233	-0.47785	-0.180736	0.348005	-0.0385864	0.22238	0.249858	-0.474264	-0.310299	0.127885	0.0448869	-0.30045	-0.00430634	0.393819	-0.335304	0.119931	1	-0.0905209	-0.113868	-0.5076	0.120041	-0.114062	0.240121	0.252139	-0.102998	-0.254722	-0.499434	-0.163744	-0.149443	-0.10643	-0.187812	-0.19541	-0.311399	0.0250799	0.201796	-0.163271	0.179639	0.345038	-0.111386	-0.0848514	-0.0683837	-0.370992	0.227801	0.269902	0.109928	0.252782	-0.0592785	0.154388	-0.0932571	0.205158	-0.196453	-0.542183	-0.155631	-0.287677	-0.0966311	0.00738623	0.602741	0.134212	0.142249	0.00114468	-0.148897	-0.250166	-0.105475	0.339295	0.211242	0.165348	-0.13582	0.151401	-0.164924	-0.0633072	-0.0682123	-0.215545	0.339528	-0.252683	-0.167638	0.139369	0.294581	0.124805	-0.0974871	-0.122364	-0.131773	-0.122228	0.104789	-0.138179	0.1146	-0.021615	-0.0644873	-0.0405434	-0.0776744	0.0267481	0.0109464	-0.0842226	-0.0630985	-0.0801599	-0.0603693	-0.099266	0.126799	0.113282	-0.0980304	-0.122342	-0.0154096	0.0560206	0.0493888	0.148904	-0.00776168	-0.0656937	-0.144985	-0.0651624	-0.0469432	-0.182466	0.179665	-0.127185	0.126751	0.137925	-0.0710458	-0.0604209	0.152192	-0.0671148	-0.044031	0.262067	-0.103131	-0.102018	-0.0539477	0.220755	0.249495	-0.0566387	-0.00379508	-0.0511262	0.00112653	-0.0544711	0.135412	0.102001	0.104294	0.105337	0.106228	0.231922	-0.0906381	-0.0733279	0.185151	-0.0788615	-0.0919235	0.217071	-0.0944485	-0.0813273	-0.101567	-0.0827234	0.179795	-0.106064	-0.0203971	-0.0786132	-0.0283624	-0.0485073	0.010944	0.0500588	-0.149181	-0.0500802	-0.0295659	-0.0989971	0.148861	-0.0370457	-0.0366599	0.0784162	-0.120153	-0.034004	0.0459099	-0.0183167	-0.0563135	-0.0621765	-0.0368069	-0.0964922	-0.0940334	0.0140051	-0.0750503	0.12282	-0.0838933	-0.0495296	0.0779529	0.0921112	0.0349598	0.139428	0.102078	0.138704	0.0178752	0.160639	-0.152778	-0.180546	0.101013	0.129379	-0.0890039	0.00133618	-0.0230439	-0.0765627	-0.0853791
-0.0787544	-0.0237315	0.145499	-0.0416475	-0.0448765	0.584029	-0.106081	-0.10247	0.191983	-0.0472298	-0.00703559	-0.0243856	-0.0462383	-0.0827378	-0.0617762	-0.0476543	-0.0121331	-0.0905209	1	-0.0084656	0.190403	-0.00846138	-0.00107088	-0.0191969	-0.0299942	-0.0223618	-0.0435574	0.188734	-0.0243612	-0.0157874	-0.0227017	0.177013	-0.0103101	-0.04674	-0.0168099	-0.0219696	-0.00634854	-0.0279613	-0.0363695	-0.0159562	-0.0120407	-0.0200369	-0.0481159	-0.0194606	0.0207827	-0.0177226	0.0250805	-0.0212727	0.00197286	-0.0121599	-0.0920019	-0.0156906	-0.0997944	-0.00687942	0.159628	-0.00251334	-0.0108243	-0.0644626	-0.0235864	-0.00346586	0.162559	-0.0252046	-0.0652976	-0.00495048	-0.0992754	-0.0309484	-0.00600022	-0.0163274	-0.0101788	-0.0275378	-0.0160376	-0.0222816	-0.0374088	-0.0438643	0.248509	-0.0415167	-0.0179811	-0.0323339	-0.0124084	-0.0108321	0.0715707	0.0925004	0.0281386	-0.0192468	0.0839113	-0.0046728	-0.00647177	0.51857	-0.0103587	-0.012994	-0.00594927	-0.0193023	0.0490371	-0.0161073	0.099075	-0.0120208	-0.0260666	-0.0169946	-0.00777902	-0.0179803	0.00266926	-0.0172847	0.000314918	-0.0272486	-0.0654235	-0.0190674	-0.0201016	0.083571	-0.00604779	-0.0244107	0.0809243	-0.0777462	0.0831053	-0.0171446	-0.0159157	-0.0397676	0.0196992	-0.042464	-0.00479118	0.00764896	-0.0555857	-0.0169976	-0.00341615	-0.00776531	-0.0252261	-0.041127	-0.0168547	-0.0180528	-0.0177612	-0.0108208	-0.0255915	-0.0172904	-0.0125013	0.0152763	-0.0256579	-0.00837169	-0.0373761	-0.0145276	-0.0200825	-0.0531163	-0.0456167	-0.0010616	-0.0498768	0.11128	-0.0291738	0.0287429	-0.0543747	-0.05238	-0.0494231	-0.0333039	-0.00699359	-0.0162813	-0.0394064	0.039795	-0.013947	0.0746192	0.0348143	-0.0583031	-0.00838729	-0.0322713	0.0010044	-0.018485	0.0132601	-0.0179569	0.0460869	0.0611291	-0.0201117	0.00345539	0.120714	-0.0369701	-0.00730296	-0.0315804	-0.0121296	0.0112894	-0.0203601	-0.0211099	-0.00524873	-0.00636285	-0.0213411	-0.0181249	-0.0165847	-0.0214287	-0.0132049	-0.036581	-0.0373578	-0.00214583	0.0739909	-0.0160213	-0.0216302	0.0559511	-0.015702	-0.0225306	-0.0137058	-0.023475
