1	0.0229241	0.189525	-0.0490683	-0.170793	0.166033	-0.0992658	-0.106081	-0.00233475	-0.304835	-0.211136	-0.0400707	-0.116358	-0.0357747	0.197696	0.219605	-0.1101	-0.173096	0.115832	-0.118558	0.196313	0.157878	0.174094	-0.108734	-0.152936	0.12119	0.318504	-0.0667826	0.0667995	0.0770123	0.122924	0.13294	0.0864856	-0.0303587	-0.0288993	0.0721519	-0.0985393	0.0671533	0.110705	-0.00308351	-0.109305	0.0657892	0.21248	-0.0799519	0.00901559	-0.0703528	0.165172	-0.00361904	-0.0158263	0.125411	-0.0827316	0.0632213	0.0642114	-0.0367698	-0.0721801	-0.0143806	-0.0801021	-0.0655783	-0.00610091	-0.0485975	-0.034362	-0.0814395	-0.0107012	0.0644172	-0.0679416	0.0846117	-0.0132907	-0.0692034	0.129851	0.118223	0.136742	-0.0832532	0.0843575	0.136453	-0.0394741	0.0915144	0.082506	0.0714264	0.0719904	-0.00533547	-0.00967388	0.157054	-0.0485856	-0.0714463	-0.00216084	-0.058716	-0.0133659	0.0317539	-0.140932	0.0554282	0.0424955	0.049589	-0.0310908	0.00186534	-0.124325	-0.065746	-0.127519	0.0885121	0.0369972	0.0198457	0.184501	0.104523	0.0726689	0.0495329	-0.0497498	-0.0112407	0.212459	-0.111733	-0.114385	0.0531453	-0.00994931	-0.0280105	-0.00707581	0.204113	-0.0188708	0.0012419	-0.0517088	-0.0143689	0.0107526	0.161554	-0.0138645	0.113329	-0.0246536	0.0474871	-0.0822081	0.0365556	0.0151866	0.144103	-0.10492	-0.0562071	0.000916407	0.0432438	-0.0641631	-0.0384905	0.102683	0.0501985	-0.0102038	0.0729844	-0.0749645
0.0229241	1	-0.0191868	-0.0254998	-0.105368	-0.0205709	-0.00175508	-0.0236434	-0.0153834	-0.048974	-0.0257731	-0.0269968	-0.0245608	0.759255	-0.0313489	-0.0171869	-0.0145964	-0.0190107	-0.0316652	0.540971	-0.021756	-0.0233855	-0.00791073	-0.0131951	-0.0217502	-0.0193753	-0.02963	0.2268	-0.0230595	0.165816	0.0495315	-0.0138177	-0.000873999	-0.0205853	-0.0606156	-0.0378035	-0.0188952	-0.00691169	0.275941	0.00926408	-0.0174265	0.375623	-0.0275501	-0.00177477	0.224698	-0.000259968	-0.0286097	-0.0264485	-0.00931688	0.0017493	-0.0229931	0.0484362	-0.0159916	-0.00969882	-0.00852884	-0.0208964	-0.00706595	-0.0120353	0.181791	0.141992	-0.0167177	0.0312211	-0.00126698	-0.0698058	-0.00887678	-0.023421	-0.00677229	-0.0167684	-0.0283771	-0.0104422	-0.0298231	-0.0103201	-0.0185718	-0.0265626	-0.0150199	-0.0143079	-0.0108513	-0.0134915	-0.0301989	0.00690639	-0.00228578	-0.0215838	-0.0196005	-0.0154635	0.00931485	-0.0214352	-0.00120711	-0.020477	-0.0223131	-0.0220531	-0.028692	-0.02564	0.00711898	-0.0209468	-0.0198476	-0.0251539	-0.0224684	-0.0105857	-0.00519631	-0.0166814	-0.00117091	-0.0110989	-0.0189233	-0.0166784	-0.00547816	-0.00598788	-0.00757915	-0.0365187	0.0470803	-0.00147476	-0.00626693	-0.0168428	-0.00817044	-0.0119211	0.0200614	-0.0155978	-0.0172547	-0.00213863	-0.0121899	0.0456138	-0.00455837	-0.0222269	0.0820037	-0.0180416	-0.0165489	0.0370681	-0.00874757	-0.0419489	0.0082018	0.0229329	0.054123	-0.0132445	0.0328849	-0.0163782	-0.0280788	0.00320137	-0.00545506	-0.00918573	0.00506984
0.189525	-0.0191868	1	-0.0230156	-0.138277	-0.0160925	-0.0229965	-0.017983	-0.0157226	-0.0574338	-0.0381655	-0.0313693	-0.0325013	-0.0284955	-0.0373053	-0.0398474	-0.0149717	-0.0255889	-0.0499038	-0.0480547	-0.0171995	-0.0229639	-0.0328409	-0.0130726	-0.0269466	0.654874	-0.0560785	-0.051679	-0.0244271	-0.0614027	0.113359	-0.0303251	-0.0277106	-0.0187617	-0.029327	-0.0422894	-0.0279154	-0.0179252	-0.0181028	0.0548794	-0.0148235	-0.00931163	-0.0451812	-0.0144699	-0.0417379	-0.0166067	-0.0273807	0.267904	-0.0220604	0.168067	-0.0170843	-0.038786	0.0849006	-0.0192466	-0.016228	-0.0369062	0.018867	-0.0269436	-0.0394385	-0.0550671	-0.0430821	-0.0957728	-0.0101145	0.120109	-0.0232417	-0.0235381	-0.0662323	-0.0285794	-0.0611614	-0.0268458	-0.063069	0.0135184	-0.0797265	-0.0553682	-0.0294626	0.508958	-0.0221321	-0.0250291	-0.0508517	-0.0375276	-0.0261155	-0.0330648	-0.0239257	-0.0095031	-0.0204869	-0.0625316	-0.0294123	-0.0161636	-0.0342767	-0.0774786	-0.039932	0.124079	0.0272856	0.0179319	0.0873924	-0.0253594	0.112946	-0.0232195	-0.0380823	0.314778	-0.0668585	-0.0116519	0.0218729	-0.0303544	-0.0212188	-0.00385075	-0.0565543	-0.022712	0.101845	-0.025383	-0.00863599	0.0316274	-0.00436479	-0.0533495	0.110329	0.262684	-0.00354346	-0.0202609	-0.0162511	-0.0815559	-0.0112956	-0.0277784	-0.0272762	-0.0221189	-0.0107521	-0.0179893	-0.00751079	-0.0359873	-0.0447142	-0.0161321	-0.00452567	-0.0230517	-0.0438653	-0.00542738	-0.00633459	-0.0307222	-0.0188301	-0.0171125	-0.0200926
-0.0490683	-0.0254998	-0.0230156	1	-0.13201	-0.0252617	-0.0336065	-0.0126424	0.786467	-0.0733783	-0.0290151	-0.0358751	-0.0290704	-0.0341884	-0.0389382	-0.0199916	-0.0214694	-0.033419	-0.0449388	-0.0463986	-0.0251625	-0.0174697	-0.0157259	-0.0219851	-0.0336121	-0.0119991	-0.0448385	-0.0477185	-0.0282977	-0.0573351	-0.061905	-0.0145477	-0.0151964	0.442903	0.0506085	-0.0424082	-0.00993611	0.00349635	-0.0372768	0.0229576	-0.0219819	-0.0213291	-0.0256487	0.331593	0.0457251	-0.00467331	-0.0237783	-0.0271112	-0.0312388	-0.0254089	-0.0141992	-0.0573452	0.0431431	-0.0209386	0.32247	-0.0457156	-0.00465634	-0.0306609	0.0575675	0.0308397	0.0810312	-0.0405773	0.0586515	0.0908861	-0.0227213	-0.00620408	-0.0225771	-0.0215655	-0.0303243	-0.0049351	0.00313423	-0.000791665	0.000321988	-0.00741622	-0.0175151	-0.0178027	0.00203618	-0.00188832	-0.000122359	-0.00379006	-0.0334079	-0.0180995	0.0690861	-0.0225969	-0.0205281	0.047958	-0.0166958	0.00340364	0.0840023	0.041912	-0.0161738	-0.0253771	-0.00676099	-0.0138522	0.0702646	-0.0371775	0.0869641	-0.0130036	-0.0204805	-0.0181375	-0.0431947	-0.0248557	-0.0232658	-0.0262143	-0.0147014	0.0458277	-0.0312939	-0.0300842	0.080664	0.00256401	-0.0260884	-0.0184441	0.00325155	-0.0345889	0.0987626	-0.02109	-0.0196896	-0.015613	0.00833212	-0.039009	-0.0217983	0.00307799	-0.0172539	-0.0164606	0.0332698	-0.0262551	-0.0161387	-0.0259242	-0.0284438	-0.0224188	-0.00794443	-0.00502489	-0.0354901	-0.0163439	-0.00587469	-0.0101814	-0.0203806	-0.00197488	-0.0157653
-0.170793	-0.105368	-0.138277	-0.13201	1	-0.111029	0.168405	0.173896	-0.100311	-0.338841	0.318798	0.252947	-0.0994408	-0.14946	-0.150117	0.214681	0.177415	0.268623	0.339304	-0.194587	-0.141211	0.164437	0.165525	0.167264	-0.164561	-0.0919291	0.331354	-0.193351	0.119737	0.213397	0.034275	-0.0202426	-0.0612205	-0.0422482	-0.135558	0.00342373	-0.0810614	-0.0762489	0.0557531	0.133726	-0.0856411	-0.0251193	0.24163	-0.00828208	-0.0583104	0.0877234	-0.122094	0.0757998	0.0971406	-0.0732656	0.123872	-0.00199633	-0.095705	0.0672501	0.000546998	0.0667898	0.102173	0.115693	-0.0537354	0.0287725	-0.0538079	-0.0859115	0.0941865	0.0600332	0.113097	-0.0676904	0.0416739	-0.0648664	0.0170123	0.119436	0.00994153	0.105767	0.0428265	0.0381084	0.00330084	-0.089096	-0.0688759	-0.0511128	0.0783714	0.0280634	0.0503548	0.173961	0.0410768	0.0980423	0.03953	0.124167	0.0364414	-0.0680756	0.03584	0.129444	0.130464	-0.0322464	0.007413	0.00571201	0.00926073	-0.0940764	-0.0109749	-0.00553745	0.0233477	-0.0851785	0.153304	0.101511	-0.03434	-0.0525876	-0.00673407	0.0717189	0.143428	-0.129312	0.00756864	-0.0353949	-0.00783703	0.0243163	0.06799	0.137414	-0.105053	-0.0834622	-0.0684303	0.0229097	0.0492442	0.110525	-0.016953	0.111563	-0.0118624	0.0759111	-0.00642299	0.0935652	0.0704145	0.0618902	-0.0163805	-0.0133208	-0.00854087	0.0613618	0.00220998	0.0201924	0.0848115	-0.0408524	-0.0444012	0.0298	-0.0417866
0.166033	-0.0205709	-0.0160925	-0.0252617	-0.111029	1	-0.0247944	-0.0150748	-0.018201	-0.0659628	-0.0470612	-0.0345826	-0.0188476	-0.0257653	-0.0170888	-0.0147919	-0.0285564	-0.040626	-0.0387	-0.0308781	-0.011926	-0.0230623	-0.013528	-0.0302127	-0.025534	-0.00533292	-0.0513527	-0.0309668	-0.017329	-0.053506	0.126395	-0.0136306	-0.00480505	-0.00870204	-0.0923522	0.292342	-0.00724303	-0.013005	-0.0203	0.107688	-0.0225854	-0.0193333	-0.0239368	-0.0111029	-0.0241326	0.00402804	0.366341	-0.0142746	-0.0244348	-0.0129452	-0.0087487	-0.0219574	-0.0229112	0.0303271	-0.0189164	0.000590222	-0.00945114	0.0229452	-0.0282855	-0.00902881	-0.0235013	-0.0823344	-0.0211864	0.0898093	0.0195346	0.00885456	0.0923656	-0.00999833	-0.0293533	-0.0165958	-0.0292556	-0.00443678	-0.0507767	-0.0277164	-0.0094501	0.018145	-0.00444799	-0.00430135	-0.0275769	-0.0378329	0.270477	-0.0147182	-0.001259	-0.0070387	0.0422373	0.0726853	0.239709	0.00928328	-0.0328662	0.0537545	-0.0356637	-0.0303626	0.0301926	-0.00773951	0.0827407	-0.0181017	-0.0349451	0.00686055	0.194528	0.00920476	0.102857	-0.0110043	-0.0159959	0.00714805	0.00359375	-0.0175106	-0.029076	-0.0283827	-0.000916126	0.00436959	0.0181165	-0.0255136	-0.0201501	-0.0323552	0.0180189	0.0138683	-0.0169979	0.19097	-0.0226636	0.00572357	-0.0147956	-0.0149446	-0.0231882	-0.0436164	-0.0633356	-0.0145064	-0.0170766	-0.0203288	-0.0355543	-0.0153078	0.0540015	0.00515348	0.0502026	-0.00882688	-0.0188232	0.0123736	-0.00870853	0.181927	-0.0137718
-0.0992658	-0.00175508	-0.0229965	-0.0336065	0.168405	-0.0247944	1	-0.027638	-0.0284709	-0.0519517	-0.0389466	-0.0198468	-0.0143305	-0.0140395	-0.0263105	-0.0208173	-0.0187739	0.465029	-0.0300464	-0.0231256	-0.0207646	-0.015632	-0.0289536	-0.0145428	-0.014237	-0.00673251	-0.0367222	-0.0265294	0.000651665	-0.00413831	0.030109	-0.0179278	-0.013753	-0.0242318	0.0211742	-0.0442148	-0.0318482	0.147425	0.00536144	-0.0955478	-0.00823875	0.0288736	0.00777311	-0.0211444	0.00326767	0.530367	-0.0340981	-0.026833	-0.026089	0.0606821	-0.0208036	0.106347	0.0277156	-0.011253	-0.0165884	-0.0161738	-0.0269034	-0.0138733	-0.00260586	-0.00686085	-0.0180697	0.00595331	-0.0156354	-0.083145	-0.00381663	-0.0156044	-0.0211616	-0.01087	-0.0206345	-0.0240739	-0.0197179	0.345932	-0.0304698	-0.0351114	0.0236841	-0.0237734	-0.00853739	0.0464333	0.131224	-0.0425849	-0.0161926	-0.0253444	0.13871	0.237694	-0.010478	0.0703711	-0.0202967	-0.0120542	0.103202	-0.0507451	-0.0374801	-0.0294183	-0.0135044	0.24538	-0.0198542	-0.0136001	-0.0082896	-0.0144039	-0.0273914	-0.0251203	-0.055775	-0.0192487	-0.0225773	-0.00967275	0.00317434	-0.0156512	-0.0489285	0.0700518	-0.00948925	-0.0206667	-0.0225832	-0.0186534	-0.0143916	-0.00979103	0.0465498	-0.0236865	-0.00854751	-0.017568	-0.0133518	-0.0112344	-0.0188697	0.000498601	-0.0150256	-0.0327143	0.0426345	-0.0183771	0.0891312	-0.0318969	0.00479311	-0.0194512	-0.0150079	-0.0193319	-0.00796674	0.00530047	-0.0138688	-0.0258515	-0.00983448	-0.0244953	-0.0232868
-0.106081	-0.0236434	-0.017983	-0.0126424	0.173896	-0.0150748	-0.027638	1	-0.00324017	-0.0611719	-0.040712	-0.0258075	-0.0160404	-0.0252182	-0.0349105	-0.0188766	-0.0285493	-0.0384779	-0.033622	-0.0296149	-0.0275692	-0.00268597	-0.0113158	-0.0327647	-0.0283996	-0.0114847	-0.0272704	-0.0256603	-0.0232578	-0.0444404	-0.0868648	-0.0224517	0.00112723	0.00258171	-0.0896772	-0.0395798	-0.011688	-0.0339513	-0.0283537	0.128825	-0.0126177	-0.0279851	-0.0294118	0.0165664	-0.0323001	-0.0105024	-0.0215623	-0.0341223	-0.0107019	-0.021465	-0.0336985	-0.0614599	-0.039602	-0.00669042	-0.0209839	-0.0305797	-0.017728	0.0532695	-0.0323653	0.00474309	-0.0247035	-0.0678475	-0.0204211	0.0932509	0.0542177	-0.0203802	-0.0312325	-0.0285209	-0.0268193	-0.0162748	-0.0294304	-0.016039	-0.0583939	-0.0158446	-0.0182462	-0.025395	-0.0195802	-0.0190705	-0.0317644	-0.0450189	0.0419386	-0.0316497	-0.0282354	-0.0175739	-0.0182874	-0.00735919	0.0448224	-0.0260886	-0.0166389	-0.011088	0.222901	-0.0370154	0.0344126	-0.0331169	0.0121642	-0.0251486	-0.00725852	-0.0248042	0.0203943	-0.0223551	-0.00279257	-0.0204778	-0.0218318	-0.0424229	0.00134664	-0.012019	-0.0264816	-0.0247218	-0.0292125	-0.0222471	0.0111598	-0.0333767	-0.0201485	-0.0320373	-0.0703674	-0.021445	-0.0130904	0.0470017	-0.0123692	0.0087108	0.0510905	-0.0185562	0.0141383	0.130804	0.0403007	-0.0273184	-0.0341432	-0.0109197	-0.00906909	0.00857013	-0.0185467	-0.0191873	-0.0180561	-0.0178964	-0.00683171	-0.0336867	-0.00458944	-0.0158348	0.0445593
-0.00233475	-0.0153834	-0.0157226	0.786467	-0.100311	-0.018201	-0.0284709	-0.00324017	1	-0.0587863	-0.0229701	-0.0229755	-0.025357	-0.0203436	-0.0307882	-0.0135193	-0.0176455	-0.0280257	-0.0304094	-0.035365	-0.0185298	-0.01785	-0.0107784	-0.0193236	-0.01999	-0.0136668	-0.0405914	-0.038001	-0.0175327	-0.0407663	-0.0349812	-0.020469	-0.00694431	0.567633	0.103162	-0.0251477	-0.00296215	-0.00639714	-0.0284344	-0.0240502	-0.0200044	-0.020248	-0.0243717	0.421722	0.0724976	-0.0152071	-0.0220025	-0.0145385	-0.0230739	-0.00914587	-0.00532907	-0.0500719	0.080566	-0.0103019	-0.00215532	-0.0368458	-0.000679178	-0.0218471	0.0792846	0.0553644	0.112322	-0.0111662	0.0489711	0.0723601	-0.00919138	0.000478879	-0.00332075	-0.0216282	-0.0241794	-0.0140493	0.0192356	-0.0127876	0.0227125	0.000583753	-0.0121698	-0.0197006	0.00524644	0.00209615	0.0086249	0.010445	-0.0226412	-0.0204828	0.10685	-0.0135882	-0.0328071	-0.00100417	-0.00159493	0.00997158	0.01704	-0.0069859	0.00405289	-0.0188236	-0.0110618	-0.0268666	0.0189417	-0.0274195	0.0212279	-0.0103054	-0.00572122	-0.0129856	-0.0330715	-0.0239553	-0.0161042	-0.0134976	-0.0128246	0.0409118	-0.0325361	-0.0254193	0.0193665	0.00183266	-0.016479	-0.0127669	0.0142786	-0.0359946	0.0641193	-0.0182029	-0.0153093	-0.00221985	0.0143918	-0.0169547	-0.0143434	0.00121358	-0.0300078	-0.00380134	0.0549189	-0.0209706	-0.0118867	-0.0306659	-0.0188836	-0.00939724	0.00330274	0.00022479	-0.0256455	-0.0182499	-0.000487096	-0.00970688	-0.00629254	0.00631383	-0.0137903
-0.304835	-0.048974	-0.0574338	-0.0733783	-0.338841	-0.0659628	-0.0519517	-0.0611719	-0.0587863	1	-0.110797	-0.0804409	-0.0524415	-0.0678018	-0.0838097	-0.076038	-0.0563832	-0.08732	-0.115717	-0.0934478	-0.063884	-0.0465038	-0.0589626	-0.0542765	0.518426	-0.0302178	-0.103898	-0.0992996	-0.00853618	-0.149572	-0.147607	-0.0540251	-0.0329359	-0.0359805	0.324018	-0.0901081	-0.0465686	0.0317264	-0.0575599	-0.224986	0.31674	-0.0398902	-0.0709433	-0.040885	-0.0730668	-0.0345575	-0.0655331	-0.0820994	-0.0532514	-0.0574972	-0.0411123	-0.138061	-0.0758539	-0.0359972	-0.0410972	-0.0636288	-0.0439512	-0.053499	-0.0686767	-0.086702	-0.047456	0.270278	-0.0434247	-0.198453	-0.0549932	-0.0589604	-0.110015	-0.0288446	-0.0993079	-0.0266463	-0.0978961	-0.0395737	-0.128302	-0.0848509	-0.0190883	-0.0333257	-0.0400076	-0.0444829	-0.0929269	-0.0674964	-0.0564154	-0.0443728	-0.0481342	-0.0329958	-0.0235295	-0.0475003	-0.031414	0.000527012	-0.0134822	-0.0896455	-0.0872413	-0.0714013	0.0212649	-0.0528305	-0.0234675	0.258493	-0.00244743	-0.0228948	-0.0420601	0.0216166	-0.105708	-0.0305704	-0.0243344	-0.0290557	-0.0104577	-0.0295755	-0.0989409	0.28527	-0.038225	-0.0141465	-0.0348722	-0.0673945	-0.0275124	-0.0981826	-0.0562602	0.0540926	0.179028	-0.030395	-0.0116833	-0.109156	0.00772525	-0.0495164	-0.0117827	-0.0407154	0.0247446	-0.0408395	-0.0514987	-0.0670106	0.046898	0.00385289	0.0131471	-0.0289602	0.0502664	-0.0158338	-0.024301	-0.0446951	-0.0339699	-0.0376056	0.0738316
-0.211136	-0.0257731	-0.0381655	-0.0290151	0.318798	-0.0470612	-0.0389466	-0.040712	-0.0229701	-0.110797	1	-0.0555306	-0.0174693	-0.0474802	-0.0469265	-0.0432207	-0.0218619	-0.0480841	-0.0709268	-0.0525058	-0.062971	-0.0366101	-0.0379696	-0.0187279	-0.046294	-0.0237809	-0.0727448	-0.0483459	0.0953291	-0.0299952	0.165984	-0.0374422	0.000397709	-0.0110843	-0.111198	-0.0682206	-0.0397933	-0.0362519	-0.0347059	0.174827	-0.0335403	-0.0256896	-0.040546	-0.0142533	-0.00024953	-0.0269524	-0.0517301	0.372503	-0.0267981	-0.0276341	-0.0242139	-0.087634	0.00202424	-0.0210991	-0.021056	-0.0185415	0.255317	-0.0180313	0.00317876	-0.00578677	0.0237449	-0.0812634	-0.0227925	0.105108	-0.00913504	-0.0281646	-0.0265991	-0.0206897	0.0160583	-0.0293696	0.0153253	-0.0423907	-0.0260435	-0.0279871	0.0962535	-0.0142717	-0.02868	-0.025708	0.00638158	-0.0450337	-0.0236997	-0.0301298	0.0162978	0.046712	-0.0189538	0.0583335	-0.0174655	-0.0311447	0.10136	0.0422887	0.102846	-0.0161379	0.00389001	-0.0375771	0.0812667	-0.0408852	0.0963655	-0.0300446	-0.0255408	-0.025287	-0.0462366	-0.0252174	-0.0238377	-0.0343126	0.000176113	-0.0189151	-0.0417745	-0.0179944	0.0755184	-0.0376933	-0.0214192	0.00167063	0.198444	-0.0380118	-0.0671482	-0.0364172	-0.0179897	0.0240948	-0.0163751	-0.0348809	0.0327028	-0.0283735	-0.035761	-0.0485316	0.0701856	-0.0297352	0.083407	-0.0344725	0.0517548	-0.0374461	-0.0285952	-0.0353034	0.0531264	-0.0106918	-0.0243948	-0.0237948	-0.0162808	0.0144918	0.0352489
-0.0400707	-0.0269968	-0.0313693	-0.0358751	0.252947	-0.0345826	-0.0198468	-0.0258075	-0.0229755	-0.0804409	-0.0555306	1	-0.0306706	-0.0341035	-0.0271528	-0.0463578	-0.0215948	-0.0379812	0.738014	-0.0495789	-0.0269795	-0.0279716	-0.0369164	-0.024934	-0.0412191	-0.0263079	-0.0547725	-0.0513014	0.356862	-0.0724676	-0.133385	-0.0275325	-0.0238863	-0.0187357	0.0697587	-0.0622532	-0.0355966	-0.0234317	-0.0349133	-0.0311519	-0.0216557	-0.0267101	-0.0303366	-0.0107479	-0.0419023	-0.00955028	-0.0389444	0.0240651	0.48227	-0.0152895	-0.045256	-0.0536123	-0.0339865	-0.0156825	0.120212	-0.0210682	-0.0314679	-0.0115329	-0.0371721	-0.0351021	-0.0276621	-0.0282402	-0.0186304	0.0421543	-0.00549866	-0.0284688	-0.0270042	-0.0212932	-0.0350496	-0.0199071	-0.0374418	-0.0146655	-0.0318828	-0.0191023	-0.0260291	-0.021706	-0.0292581	-0.0129754	-0.0299692	-0.0133558	-0.00992326	-0.0272533	-0.0417785	-0.0335755	0.0616722	0.0351135	-0.00769802	-0.0265412	0.00928306	-0.00122664	-0.0107509	-0.0213741	-0.00408918	-0.040367	-0.0199446	0.0297389	-0.016217	0.123083	0.0548001	-0.0258645	0.0154658	-0.0246555	-0.0205311	0.0810016	-0.0250096	-0.0246934	-0.0318372	-0.0251006	-0.0256306	0.0124685	0.0712628	-0.0240334	0.11039	-0.054278	0.0266508	-0.00151758	-0.0126583	-0.0241621	-0.0207558	-0.0534077	-0.0150155	-0.024855	-0.0278391	-0.0120554	0.00925522	-0.00217266	-0.0174549	-0.044366	0.035299	0.0910774	-0.0163593	-0.011341	0.0216262	-0.0116943	-0.0236899	0.0826923	-0.000554031	-0.00441239	-0.0296357
-0.116358	-0.0245608	-0.0325013	-0.0290704	-0.0994408	-0.0188476	-0.0143305	-0.0160404	-0.025357	-0.0524415	-0.0174693	-0.0306706	1	-0.0316737	-0.0326626	-0.0209467	-0.0130767	-0.0205488	-0.0398099	0.567622	-0.0183605	-0.0241404	-0.0148791	-0.0115192	-0.0235427	-0.0270119	-0.0370161	0.548881	0.000730954	-0.0560305	-0.0818048	-0.00269637	-0.0138535	-0.0215048	-0.062057	-0.0469867	-0.0113163	-0.0316706	-0.0239999	0.0937205	-0.0316112	-0.0145287	-0.041305	-0.0183902	0.342346	0.00682723	-0.0339128	-0.0141542	-0.025956	-0.0167305	-0.0241776	-0.0443327	0.332671	-0.0200868	-0.00944982	-0.0246852	-0.0206721	-0.0161967	0.337944	0.268939	0.443435	0.0853815	-0.0120615	0.0947471	-0.0174421	0.104903	-0.0242221	0.638329	0.0296119	-0.0208458	0.029755	0.00754642	-0.0217249	-0.0248952	0.0995161	-0.01031	0.00659951	0.00319124	0.0278654	-0.0512787	-0.022166	-0.0293955	0.0269774	-0.00279437	0.020726	-0.0223526	-0.0202279	0.091873	0.000760191	-0.026794	-0.00658303	-0.0210372	-0.00861133	0.0292971	-0.0277739	-0.0305771	-0.0321039	-0.0147148	-0.00351972	-0.0112164	-0.0190591	-0.0120811	-0.0227212	0.280326	-0.00615897	-0.0100975	-0.0232477	-0.0367582	-0.0512734	-0.0210432	-0.0186221	-0.026676	0.00477698	-0.0108826	0.0791617	-0.0188314	-0.01154	-0.0228449	-0.00805677	-0.0430046	-0.0087675	0.0492013	-0.0178311	-0.0112132	-0.0378004	-0.0186753	-0.0158928	-0.00422567	-0.0446852	-0.0166766	-0.0346134	0.000934539	-0.06702	0.00479406	-0.019912	0.243795	0.0176474	-0.0222557	-0.0229063
-0.0357747	0.759255	-0.0284955	-0.0341884	-0.14946	-0.0257653	-0.0140395	-0.0252182	-0.0203436	-0.0678018	-0.0474802	-0.0341035	-0.0316737	1	-0.0337232	-0.0275891	-0.0223272	-0.0322271	-0.0432112	0.72321	-0.0288017	-0.0322366	-0.0211706	-0.0205066	-0.0346214	-0.0227727	-0.0470421	0.421635	-0.0333217	0.12048	0.01194	-0.0244851	-0.0141236	-0.011776	-0.07318	-0.0523068	-0.0251287	-0.018366	0.214083	0.0514945	-0.0231593	0.301799	-0.0326842	-0.00925224	0.173289	-0.0166918	-0.0441502	-0.0403603	0.000550879	-0.00594303	-0.0351051	0.0150739	-0.0220003	-0.00422114	0.00809234	-0.0316234	-0.0171925	-0.0220519	0.140491	0.1033	-0.0222006	-0.00970034	-0.0122399	-0.011803	-0.013993	-0.0187563	-0.0242876	-0.0239401	-0.0266602	-0.0180268	-0.0274426	-0.0133247	-0.0304136	-0.0196457	-0.00770418	-0.012832	-0.0113125	-0.012527	-0.0232631	-0.00946262	-0.0125656	-0.0255617	-0.0315847	-0.0187003	-0.0106611	-0.0393726	-0.0132031	-0.0277726	-0.0357838	-0.033771	-0.0571287	-0.0127209	0.00125612	-0.0334084	-0.0324295	-0.0264531	-0.0295119	-0.00746745	-0.0119718	-0.0185338	-0.00846794	-0.0104542	-0.0263888	-0.0341429	-0.0094925	-0.0142564	-0.00560863	-0.0529029	0.0349896	-0.00320781	-0.00326026	0.00306092	-0.0170559	-0.00486533	-0.00414678	-0.00894891	-0.0168366	-0.00218181	-0.023987	0.0186226	-0.0032998	-0.0294976	0.0537605	-0.0420935	-0.0579192	0.0282968	-0.0178806	-0.0314176	0.0534997	0.0214271	0.0549105	-0.0149298	0.0186542	-0.0215881	-0.0210981	-0.0229188	0.25743	-0.0100389	-0.0153877
0.197696	-0.0313489	-0.0373053	-0.0389382	-0.150117	-0.0170888	-0.0263105	-0.0349105	-0.0307882	-0.0838097	-0.0469265	-0.0271528	-0.0326626	-0.0337232	1	-0.0407898	-0.0344393	-0.0368214	-0.0465617	-0.0514999	-0.0146868	-0.0192379	-0.0331515	-0.030572	-0.0408379	-0.0316068	-0.0469972	-0.0498948	-0.0344074	-0.0496089	-0.0315196	0.194542	-0.0148093	-0.0193832	-0.0378213	-0.0511063	0.0609119	-0.0301997	-0.0176693	-0.0535561	-0.0384624	-0.0179665	-0.0261787	-0.0293918	-0.0269081	-0.0106425	-0.0342302	-0.0550939	-0.0083652	-0.016629	-0.0211776	0.121091	-0.0257863	-0.0218511	-0.0176289	-0.0122931	-0.0317626	-0.031052	-0.0293076	-0.0446989	-0.0175557	-0.0383039	-0.0263393	0.0225297	-0.0371518	-0.000891428	-0.0349477	-0.0114891	0.0693095	-0.0187096	0.0650046	-0.0163517	0.022861	0.0842526	-0.018706	-0.0324626	-0.0069755	-0.00364681	0.0550463	-0.0302663	-0.0336838	-0.0236297	-0.0259211	-0.0163459	-0.0455788	-0.0707047	-0.0361323	-0.00354067	-0.0458107	-0.0323071	-0.0403437	0.0589149	-0.0189792	-0.023283	-0.0666926	0.0696677	-0.0491992	-0.0127852	-0.0426658	-0.0356231	0.000613029	-0.0107709	-0.00578129	0.162239	-0.0274392	-0.0175958	0.0345038	-0.0582749	-0.0551508	-0.0106508	0.00910422	0.0714338	0.0100382	0.0365148	0.00853717	-0.0296688	-0.0121093	-0.0145762	0.038547	-0.0168125	-0.0176166	-0.0266956	-0.0337446	-0.0209499	-0.0211081	-0.0145127	0.0358594	0.0422963	-0.0363832	-0.0087544	-0.0242081	0.0696939	-0.0429033	0.0159778	-0.0100317	0.0432822	-0.0204517	-9.31563e-05	-0.0508475
0.219605	-0.0171869	-0.0398474	-0.0199916	0.214681	-0.0147919	-0.0208173	-0.0188766	-0.0135193	-0.076038	-0.0432207	-0.0463578	-0.0209467	-0.0275891	-0.0407898	1	-0.0291438	-0.0401515	0.622478	-0.037324	-0.0306932	-0.0254029	0.7786	-0.0317899	-0.0410551	-0.0228159	-0.0361338	-0.0347032	-0.0248634	-0.0779177	-0.0840698	-0.0154358	-0.0268468	-0.0145846	-0.124009	-0.0392825	-0.0290227	-0.0270388	-0.00899438	0.160529	-0.00966904	-0.0151876	-0.0370162	-0.0144793	-0.0169039	-0.0168133	-0.0231452	-0.0365162	-0.0437417	-0.0271054	-0.022103	-0.0488358	-0.0237524	-0.0071446	-0.00901548	-0.0171394	-0.0249699	0.000877115	-0.0215045	-0.0167206	-0.0119977	-0.101111	-0.00999412	0.126681	0.0038436	-0.023429	-0.0728496	-0.00613007	-0.0259563	-0.0108743	-0.0271247	-0.0094065	-0.0694883	-0.0126898	-0.0148136	-0.0357953	-0.0261767	-0.0290824	-0.0194034	-0.058989	-0.0100202	-0.0263633	-0.0296823	-0.0144638	-0.0447251	-0.0622912	-0.0122515	-0.0211544	-0.0469473	-0.0567875	0.292635	-0.0469024	-0.0211163	-0.0320053	-0.0514306	-0.0228572	-0.0484788	-0.0255873	-0.0245032	-0.0278219	-0.0237787	0.0108553	-0.0307935	-0.0151737	-0.0134562	-0.0123611	-0.0177277	-0.0469414	-0.0506535	-0.0225976	-0.021708	-0.0332028	-0.0378032	-0.0350432	-0.0741403	-0.0293116	-0.00900557	-0.0173366	0.0134081	0.120634	-0.00779821	0.546651	-0.0164376	0.267743	0.0852903	-0.00168476	-0.026656	-0.0325262	-0.0779189	-0.0358166	-0.0252726	-0.0259347	-0.0765707	-0.0102796	-0.0164419	-0.0207466	-0.00407792	-0.00752702	-0.0399865
-0.1101	-0.0145964	-0.0149717	-0.0214694	0.177415	-0.0285564	-0.0187739	-0.0285493	-0.0176455	-0.0563832	-0.0218619	-0.0215948	-0.0130767	-0.0223272	-0.0344393	-0.0291438	1	0.646441	-0.0425639	-0.0239125	-0.0432692	-0.0312935	-0.0217381	0.952885	-0.0357019	-0.0111165	-0.0403916	-0.0179006	-0.0172885	0.199962	0.0605984	-0.0163374	-0.0108092	-0.0143162	0.0190394	-0.0297877	-0.0265629	-0.00654641	0.0403321	0.00151727	-0.00789197	-0.0130204	-0.0237511	0.0561103	0.0114237	-0.0181905	-0.0160296	-0.0182796	-0.00203307	-0.0234546	-0.022026	-0.0580276	-0.0310922	-0.0182386	-0.00367872	-0.0137612	0.240916	-0.0152239	0.0170242	0.00630121	-0.017642	0.0374033	0.387577	-0.00885671	-0.0121779	-0.0199489	0.107178	-0.0155415	-0.0348364	-0.0250111	-0.0328522	-0.0292124	0.0878763	-0.0257456	-0.0149681	0.00133445	0.0449787	0.0399166	-0.03722	0.11439	0.00217813	-0.0095578	-0.0196815	-0.0253136	0.0460639	0.0798679	0.00545149	-0.00861724	0.0799629	0.0633861	-0.0300713	-0.0169613	0.0365581	0.131449	0.065107	-0.0163354	0.0790536	0.0485322	0.011987	-0.00378194	-0.00811532	0.00377925	0.187115	-0.0315468	-0.00727671	0.315265	-0.0223225	-0.0310346	0.0712715	0.0636843	-0.000437643	-0.01806	-0.00953536	-0.0233721	0.105835	0.0133166	-0.0160782	-0.0195899	0.255475	-0.0509814	-0.01538	-0.0251419	-0.0233364	-0.028584	-0.0632555	-0.00168743	-0.0154945	-0.0285085	-0.031777	-0.00594249	-0.0200802	-0.00782679	-0.0421747	-0.000138793	-0.0182391	-0.0313867	-0.000983957	-2.68267e-05	-0.0066065
-0.173096	-0.0190107	-0.0255889	-0.033419	0.268623	-0.040626	0.465029	-0.0384779	-0.0280257	-0.08732	-0.0480841	-0.0379812	-0.0205488	-0.0322271	-0.0368214	-0.0401515	0.646441	1	-0.0614892	-0.0416578	-0.0499041	-0.0350228	-0.0323961	0.622606	-0.0483321	-0.0152482	-0.0612572	-0.0356127	-0.021267	0.233468	0.0495964	-0.028355	-0.0179979	-0.0239401	-0.0423182	-0.0521318	-0.0467528	-0.0281199	0.0446463	0.0147409	-0.0154171	0.0351783	-0.0180974	0.0261446	0.0229962	0.336324	-0.0396081	-0.0418999	-0.0225718	0.0247351	-0.0219436	0.0191826	-0.00155127	-0.027041	-0.0165374	-0.0304879	0.139297	-0.0274216	0.0235138	0.00782867	-0.0236127	-0.0359378	0.252295	0.00588628	-0.0167467	-0.0178762	0.0600486	-0.0106046	-0.0302788	-0.0344137	-0.0299088	0.214926	0.0398215	-0.046314	0.0254244	-0.00571561	0.0279251	0.0594966	0.0659334	0.0460792	-0.0130477	-0.024857	0.0778415	0.154733	0.0210098	0.0954376	-0.0120933	0.0195929	0.124196	0.00268477	-0.0523576	0.120337	0.0145091	0.254704	0.0350501	-0.0225776	0.0553488	0.0226275	-0.0129727	-0.00848233	-0.0557006	-0.0153806	0.117147	-0.0385714	0.00183147	0.20331	-0.0555121	-0.0500447	0.0448177	0.0301166	-0.0169765	0.161577	-0.0170352	-0.00715601	0.099285	-0.00560468	-0.0159982	-0.0287443	0.15903	-0.0115928	-0.0286973	-0.0255707	-0.0266948	-0.0501838	-0.0691911	0.0822536	-0.0103879	-0.0312248	-0.033839	-0.0246479	-0.0263095	-0.0168468	-0.05488	-0.0046923	-0.0248838	-0.0383952	-0.00621053	-0.0208221	-0.0162411
0.115832	-0.0316652	-0.0499038	-0.0449388	0.339304	-0.0387	-0.0300464	-0.033622	-0.0304094	-0.115717	-0.0709268	0.738014	-0.0398099	-0.0432112	-0.0465617	0.622478	-0.0425639	-0.0614892	1	-0.0637426	-0.0383532	-0.0375285	0.478631	-0.0468411	-0.0595074	-0.0339241	-0.0655198	-0.0640621	0.256647	-0.111414	-0.157546	-0.0220483	-0.0376866	-0.0252024	-0.0272049	-0.0684427	-0.0496139	-0.0392541	-0.034997	0.08189	-0.0233444	-0.0314851	-0.047298	-0.0171794	-0.0467381	-0.0181198	-0.0391737	-0.00585306	0.348165	-0.0312918	-0.0504603	-0.0768527	-0.0460421	-0.0146614	0.0847914	-0.0272055	-0.039805	-0.0064909	-0.0460106	-0.0389476	-0.033448	-0.08883	-0.028099	0.115061	0.000658503	-0.0383705	-0.0695894	-0.0225128	-0.0398834	-0.0218562	-0.0433869	-0.0174159	-0.0690162	-0.0185687	-0.0323212	-0.0404562	-0.0419169	-0.0315173	-0.0332194	-0.0496884	-0.012281	-0.0394378	-0.0528977	-0.0377018	0.0171997	-0.0168145	-0.0125317	-0.0367381	-0.0263995	-0.0383412	0.180346	-0.0501375	-0.0140349	-0.0538305	-0.0517568	0.00918121	-0.047471	0.0756799	0.0247718	-0.0402327	0.000395853	-0.0121986	-0.0386443	0.0500603	-0.0228959	-0.0325999	-0.0312079	-0.0533679	-0.0544272	-0.00791886	0.0449182	-0.0427512	0.0589871	-0.0612569	-0.0326646	-0.0221006	-0.0162341	-0.0279344	-0.0128139	0.0433374	-0.00830365	0.341704	-0.0309928	0.167576	0.0617832	-0.00506741	-0.0330288	-0.0485705	-0.0246239	0.047722	-0.0303022	-0.0290883	-0.035631	-0.0177078	-0.025622	0.0485073	-0.000594346	-0.00969403	-0.0496193
-0.118558	0.540971	-0.0480547	-0.0463986	-0.194587	-0.0308781	-0.0231256	-0.0296149	-0.035365	-0.0934478	-0.0525058	-0.0495789	0.567622	0.72321	-0.0514999	-0.037324	-0.0239125	-0.0416578	-0.0637426	1	-0.0355951	-0.0421908	-0.0271462	-0.0212018	-0.0440765	-0.03712	-0.0652802	0.752408	-0.0272781	0.0406358	-0.0597117	-0.023563	-0.0263376	-0.0219072	-0.0963077	-0.0696319	-0.0269166	-0.0339243	0.138778	0.107132	-0.0368991	0.216244	-0.0559692	-0.0209945	0.325465	-0.0135864	-0.0574898	0.0136871	-0.0217269	-0.0187892	-0.0445815	-0.0256902	0.173123	-0.011393	-0.00147081	-0.0422637	-0.0269794	-0.0245266	0.299199	0.232699	0.241704	0.0413492	-0.0187878	0.0263175	-0.0217099	0.0681561	-0.0370824	0.354116	-0.000500141	-0.0288144	-0.00105073	-0.0101108	-0.0442611	-0.0351971	0.0520818	-0.022022	0.0144243	0.0118647	-0.00868041	-0.0496614	-0.0214907	-0.0420638	-0.0121538	-0.0208104	0.00275016	-0.0502688	-0.0211879	0.0314599	-0.0399617	-0.0532853	-0.0470859	-0.025816	-0.00865313	-0.0133111	-0.0527896	-0.0387392	-0.0541159	0.00176832	-0.00395819	-0.0269147	-0.0274226	-0.0246892	-0.0362222	0.135847	-0.0129189	-0.0204414	-0.0288756	-0.0705165	-0.0149689	0.00255623	-0.00957312	-0.0177348	-0.0172272	-0.0209296	0.0328077	-0.0239227	-0.0157344	-0.0137528	-0.0245699	-0.0232158	-0.00842017	0.00784183	0.0400295	-0.0431055	-0.0529119	0.0061733	-0.0308787	-0.0297558	0.0355508	0.00959498	0.0144514	-0.0146014	-0.00615836	-0.0167937	-0.0293081	0.117607	0.199023	-0.0226864	-0.0159777
0.196313	-0.021756	-0.0171995	-0.0251625	-0.141211	-0.011926	-0.0207646	-0.0275692	-0.0185298	-0.063884	-0.062971	-0.0269795	-0.0183605	-0.0288017	-0.0146868	-0.0306932	-0.0432692	-0.0499041	-0.0383532	-0.0355951	1	-0.0208953	-0.0188472	-0.0372229	-0.0229821	-0.00781299	-0.0409599	-0.0382968	-0.0200539	-0.099417	0.108957	-0.0229049	-0.0243544	-0.0189882	-0.0454402	-0.0370947	-0.0285323	-0.0324827	-0.0283846	-0.0898168	-0.0201102	-0.0249646	-0.0256776	-0.0225386	-0.0352513	-0.0102922	-0.0267753	-0.0152821	0.00668719	-0.0196131	-0.0200314	0.199186	-0.0291489	-0.00157516	-0.0187332	-0.0284972	-0.0284987	-0.00840613	-0.0396955	-0.0373702	-0.0297785	-0.0560974	-0.0247506	-0.0829133	-0.00368746	0.259421	0.0356453	-0.0149376	0.0679564	-0.0216525	0.0695661	-0.0145512	0.0164061	-0.0396623	-0.0112654	-0.0161617	0.262474	0.248105	-0.0425814	-0.0451917	-0.0110202	-0.0306501	-0.0216042	-0.0152847	0.0792313	0.0219676	-0.0127559	0.178463	0.0281871	0.0138252	-0.0224458	-0.0295631	-0.0105481	-0.0251559	-0.0410409	0.0106424	-0.0349218	0.223941	0.105798	-0.0200356	-0.0436867	0.00248509	-0.0082889	-0.02521	0.0196859	-0.0214543	-0.0348254	-0.0371474	-0.0382153	0.237401	0.0533501	-0.0206433	0.0112586	-0.0283381	0.00601631	-0.0230092	0.0321687	-0.0128294	-0.0256859	-0.00550261	-0.0222713	-0.0201755	0.171958	-0.0374881	-0.0123034	0.0202042	-0.0255703	-0.0232868	0.0472002	0.0233565	0.000265751	-0.0102476	0.0278018	0.00625629	-0.0117327	-0.0117464	0.0184376	-0.0123759	0.0892907
0.157878	-0.0233855	-0.0229639	-0.0174697	0.164437	-0.0230623	-0.015632	-0.00268597	-0.01785	-0.0465038	-0.0366101	-0.0279716	-0.0241404	-0.0322366	-0.0192379	-0.0254029	-0.0312935	-0.0350228	-0.0375285	-0.0421908	-0.0208953	1	-0.0216584	-0.0301277	-0.0217395	-0.0117739	0.513316	-0.034284	-0.0309627	0.201607	-0.0769497	0.0112713	0.00453457	-0.0169176	0.111817	-0.0326058	-0.0225822	-0.0314381	0.0348005	-0.0798515	-0.0190785	0.0457195	0.469732	-0.0166595	0.00444574	-0.00795632	-0.0270319	-0.0288021	-0.0327558	-0.0273108	-0.0105106	-0.0457122	-0.0396397	-0.0248037	-0.000626749	-0.0216758	-0.0270566	-0.034332	0.0041961	-0.0174383	-0.0276278	0.114166	-0.0140211	-0.10164	-0.0371341	-0.028753	-0.0575985	-0.0197481	0.339058	-0.00597563	0.334272	-0.00954317	0.193444	0.384199	0.0328418	-0.0159117	-0.0261533	-0.0281682	0.326726	-0.0429346	-0.0443318	-0.0137383	0.0177483	0.0201841	-0.0302124	-0.0512858	-0.0439562	-0.0171611	-0.0372494	0.131154	-0.0400134	-0.0274506	-0.0176361	0.00642083	-0.0699329	-0.0164655	-0.053678	-0.0243851	-0.0468832	-0.0201102	0.208614	-0.00672141	-0.00948904	-0.0224975	0.0045088	-0.0198967	0.278507	-0.0447267	-0.0549935	-0.0192069	-0.0133028	-0.0156003	-0.0243359	0.271705	-0.0592945	-0.0252056	-0.00253999	-0.0233616	-0.0140253	0.0960052	-0.0137468	-0.0115963	-0.00864793	-0.0320401	-0.0863873	-0.00390869	-0.0352304	0.301399	-0.0681296	-0.0248179	-0.0275988	-0.0239087	-0.0733325	-0.0154745	0.577504	-0.011541	-0.00796649	-0.0149536	-0.0400565
0.174094	-0.00791073	-0.0328409	-0.0157259	0.165525	-0.013528	-0.0289536	-0.0113158	-0.0107784	-0.0589626	-0.0379696	-0.0369164	-0.0148791	-0.0211706	-0.0331515	0.7786	-0.0217381	-0.0323961	0.478631	-0.0271462	-0.0188472	-0.0216584	1	-0.0231298	-0.033965	-0.0170625	-0.0258392	-0.0273533	-0.019031	-0.0605541	-0.0660864	-0.00955414	-0.0220488	-0.0133701	-0.0906376	-0.0331636	-0.0320562	-0.0176164	0.00107696	0.12475	-0.0041515	-0.00625994	-0.0220301	-0.012737	-0.00796517	-0.0176189	-0.0311481	-0.0330176	-0.0393719	-0.0241962	-0.016147	-0.0451883	-0.019981	0.00052636	-0.00652942	-0.0229517	-0.0162619	0.00322841	-0.01304	-0.00950601	-0.00966132	-0.070371	-0.00614387	0.100167	0.00265947	-0.0161995	-0.0556939	-0.00498509	-0.00874266	0.000443928	-0.0103466	-0.0229531	-0.0444049	2.81844e-05	-0.0141252	-0.0317596	-0.0154656	-0.0150535	-0.0144911	-0.0463812	-0.00705897	-0.0127623	-0.0275677	-0.0301518	-0.0332842	-0.0559619	-0.0118084	-0.015989	-0.0458475	-0.042068	0.223872	-0.0348244	-0.0180517	-0.0272856	-0.047467	-0.0146329	-0.0461368	-0.014966	-0.0174976	-0.027664	-0.00970656	0.0148986	-0.0257211	-0.0106017	-0.0022903	-0.00198526	-0.00365056	-0.0380722	-0.0400592	-0.0154285	-0.0190168	-0.0249779	-0.0293842	-0.0261274	-0.0566211	-0.0282688	0.00435096	-0.0108166	0.0363887	0.098303	-0.00930883	0.445593	-0.0181463	0.212375	0.0658894	0.00370514	-0.0172309	-0.0241331	-0.0588453	-0.0320985	-0.0198141	-0.0109766	-0.0589937	-0.013833	-0.00548579	-0.0141551	-0.000100385	-0.00116591	-0.0315449
-0.108734	-0.0131951	-0.0130726	-0.0219851	0.167264	-0.0302127	-0.0145428	-0.0327647	-0.0193236	-0.0542765	-0.0187279	-0.024934	-0.0115192	-0.0205066	-0.030572	-0.0317899	0.952885	0.622606	-0.0468411	-0.0212018	-0.0372229	-0.0301277	-0.0231298	1	-0.0336139	-0.00984328	-0.0408722	-0.0163867	-0.0212818	0.187319	0.0478416	-0.0148929	-0.00975131	-0.0214681	0.0268937	-0.0316565	-0.0270097	-0.0021843	-0.0131632	0.00741066	-0.00583585	-0.0115491	-0.0227157	-0.0244343	-0.0312466	-0.0173331	-0.0217849	-0.0163388	-0.00190942	-0.0217575	-0.0150817	-0.0509296	-0.0303125	-0.0199072	0.00120395	-0.00956652	0.254385	-0.0158493	-0.0231015	-0.024662	-0.0180385	0.0277366	0.396836	-0.00379813	-0.0104474	-0.0214535	0.0897869	-0.0143307	-0.0362257	-0.0238632	-0.0340434	-0.0277925	0.0715894	-0.0241812	-0.0162232	0.0030824	-0.0212083	-0.0234859	-0.0368819	0.118329	0.0044965	-0.0118693	-0.0249903	-0.023339	0.0183855	0.0662382	0.00613333	-0.00999818	0.0852807	0.0493098	-0.0306231	-0.0142221	0.0385842	0.144023	0.0703633	-0.0135641	0.0862571	-0.00890465	-0.016656	0.000415438	-0.0296653	0.00181898	0.202331	-0.0310169	-0.00185441	0.324851	-0.0227384	-0.0287838	0.0790113	0.000236561	0.000855733	-0.0161015	-0.00722967	-0.0215121	0.104741	0.0177373	-0.0148414	-0.0226979	0.260256	-0.0486512	-0.0136504	-0.0235015	-0.0195825	-0.024761	-0.0639019	-0.0114708	-0.0156854	-0.0240341	-0.0392467	-0.00419255	-0.0189733	-0.0102118	-0.0489881	0.00123697	-0.0168799	-0.0326822	-0.00982588	-0.00640913	-0.0171594
-0.152936	-0.0217502	-0.0269466	-0.0336121	-0.164561	-0.025534	-0.014237	-0.0283996	-0.01999	0.518426	-0.046294	-0.0412191	-0.0235427	-0.0346214	-0.0408379	-0.0410551	-0.0357019	-0.0483321	-0.0595074	-0.0440765	-0.0229821	-0.0217395	-0.033965	-0.0336139	1	-0.00926789	-0.0446766	-0.0534525	-0.0245407	-0.102611	-0.133249	-0.0198295	-0.0303821	-0.033714	0.204642	-0.0662756	-0.0229646	-0.0179567	-0.0329287	-0.148071	0.604746	-0.0217565	-0.0405365	-0.0355045	-0.0443816	-0.0213782	-0.049329	-0.0292686	-0.0186785	-0.0326777	-0.0286833	-0.0814606	-0.0452028	-0.0218862	-0.0212047	-0.0509491	-0.0201915	-0.0294165	-0.0416361	-0.0522692	-0.0259958	0.194122	-0.0219301	-0.150608	-0.0316628	-0.0254092	-0.0823502	-0.012867	-0.0494508	-0.00533291	-0.0513673	-0.0275322	-0.090934	-0.0482812	-0.0141554	-0.00536704	-0.0260665	-0.0276969	-0.0537064	-0.0579854	-0.0366728	-0.0300409	-0.0327316	-0.0231488	-0.0264139	-0.0657371	-0.0416602	-0.0180937	-0.0350293	-0.0742373	-0.0707229	-0.0358938	0.0356044	-0.0301715	-0.0460024	0.371271	-0.0221953	-0.0149187	-0.0463902	-0.00081613	-0.0698351	0.00070281	-0.0271689	0.0136216	0.0240629	-0.00394106	-0.0497681	0.0473295	-0.0262622	-0.0148868	-0.0096707	-0.0363124	-0.0207116	-0.0473429	-0.0197913	0.0245041	0.344639	-0.035694	0.0194469	-0.0949829	-0.00661824	-0.0315048	-0.018833	-0.0142652	0.0133523	-0.0210678	-0.0347663	-0.0321939	0.060011	0.0346891	-0.0105786	-0.0254228	0.0403525	-0.00528776	-0.00934348	-0.0124969	-0.0109212	-0.02522	0.0282731
0.12119	-0.0193753	0.654874	-0.0119991	-0.0919291	-0.00533292	-0.00673251	-0.0114847	-0.0136668	-0.0302178	-0.0237809	-0.0263079	-0.0270119	-0.0227727	-0.0316068	-0.0228159	-0.0111165	-0.0152482	-0.0339241	-0.03712	-0.00781299	-0.0117739	-0.0170625	-0.00984328	-0.00926789	1	-0.0385046	-0.0440069	-0.0145015	-0.0600461	0.13691	-0.0258976	-0.0212904	-0.0191121	-0.0891931	-0.0264717	-0.0226249	-0.0161764	-0.0157118	0.119886	-0.00942105	-0.011129	-0.0329849	-0.0129396	-0.0334472	-0.00632772	-0.0104431	0.336735	-0.0183092	-0.021241	-0.0174925	-0.0419925	-0.0373258	-0.0215498	-0.00825864	-0.0296012	0.00922368	-0.0324438	-0.0326523	-0.046458	-0.0291828	-0.0953483	-0.00615651	0.11919	-0.0289692	-0.0156191	-0.0579559	-0.0174192	-0.0476742	-0.019836	-0.0481152	-0.0156452	-0.0684894	-0.045051	-0.0216222	0.621615	-0.0126947	-0.0147651	-0.0528095	-0.0428525	-0.0275396	-0.0232132	-0.0305316	-0.033879	-0.0306244	-0.0665035	-0.0312543	-0.0155095	-0.04254	-0.0811871	-0.0314793	-0.0146	0.046406	-0.00894464	0.146525	-0.0181979	0.181075	-0.0170139	-0.0360966	0.498035	-0.0617086	-0.0201084	0.00375706	-0.0253555	-0.00366938	0.00877342	-0.0458627	-0.030862	0.166943	-0.015095	-0.00300289	-0.010887	-0.0201737	-0.0368016	0.127225	0.422077	-0.01355	-0.0268016	-0.0072537	-0.0757042	-0.0249327	-0.0140574	-0.00304041	-0.0355436	-0.0680098	-0.0241126	-0.0157932	-0.0293211	-0.0481322	-0.0222556	-0.0174891	-0.0190334	-0.0527832	-0.000986017	-0.00334413	-0.0188328	-0.00421489	-0.00819182	-0.0199541
0.318504	-0.02963	-0.0560785	-0.0448385	0.331354	-0.0513527	-0.0367222	-0.0272704	-0.0405914	-0.103898	-0.0727448	-0.0547725	-0.0370161	-0.0470421	-0.0469972	-0.0361338	-0.0403916	-0.0612572	-0.0655198	-0.0652802	-0.0409599	0.513316	-0.0258392	-0.0408722	-0.0446766	-0.0385046	1	-0.0665903	-0.0296758	0.401538	-0.0679959	0.11305	-0.0169923	-0.0426945	0.170912	-0.0705394	-0.0471107	-0.0321083	0.181396	-0.106462	-0.0336066	0.00452352	0.662295	-0.0365004	-0.0207748	-0.0297312	-0.0618595	-0.0609671	-0.043617	-0.0234674	-0.0286357	-0.0907644	-0.0344042	-0.0289914	-0.0228485	-0.0490781	-0.0417591	-0.0444949	-0.0216437	-0.0443965	-0.0210419	0.162476	0.0690962	-0.121791	-0.04751	-0.0388229	0.120095	-0.0270299	0.200435	0.367467	0.195173	-0.0427259	0.289401	0.251364	-0.0119081	-0.0350633	-0.0407396	-0.0436322	0.181599	0.190022	-0.0601373	0.485792	-0.037222	-0.0254259	0.0192613	0.0810185	-0.0482895	-0.0303013	-0.0689108	0.277199	-0.0706698	-0.0548354	-0.0183538	-0.0292723	-0.0906391	-0.0335555	-0.0710044	-0.0373305	-0.0610563	-0.0258939	0.397472	0.282314	-0.0382229	-0.0543998	-0.0146699	0.0609512	0.510941	-0.0800904	-0.0760327	-0.0376031	-0.023514	-0.0381594	-0.0344808	0.490867	-0.111977	-0.0293305	-0.0152339	-0.0513914	0.0406019	0.195699	-0.033581	-0.0188811	-0.0154757	-0.0434499	-0.155798	0.139044	0.0757456	0.312142	-0.0559711	-0.0244433	-0.0449747	0.150533	-0.0164502	-0.0275832	0.301647	-0.0256251	-0.0102697	0.106525	-0.0697315
