1	-0.0956265	-0.142782	-0.0430084	0.386536	-0.135679	-0.0885409	-0.306694	-0.120624	0.328799	-0.332667	0.0427106	-0.213268	0.305815	0.542146	-0.255169	0.0154599	-0.109595	0.310628	0.346441	-0.193811	-0.122719	-0.102182	0.287052	-0.110819	-0.164954	0.0583659	-0.116579	0.0493199	0.0218371	-0.00608598	-0.0771002	-0.15566	0.00769615	-0.0422381	-0.0168635	0.0203499	-0.113012	-0.0723383	-0.159065	-0.150992	-0.106023	0.157662	0.204277	-0.0940492	-0.0400247	0.201892	-0.019859	-0.0128922	-0.061437	-0.104652	-0.0521258	-0.13395	-0.0409493	-0.0584533	-0.0901094	0.0328264	-0.0439942	0.124201	-0.118629	-0.0723199	0.083829	-0.0858236	0.00431313	-0.0876926	0.171084	0.162289	-0.0491381	-0.0333323	-0.0278148	-0.023289	-0.0100321	-0.036377	0.00814176	0.0115853	-0.0692056	-0.0148994	-0.0121044	0.0232674	0.065538	-0.0312102	-0.0560445	0.0488584	-0.0401876	-0.0485597	0.043231	0.0419834	-0.101944	-0.101865	0.0562058	-0.0269969	0.147816	-0.0127291	-0.0696969	-0.0707888	-0.087908	-0.10111	0.00543592	-0.0302521	0.0788976	-0.0567738	-0.0803532	0.0755173	-0.0246002	0.0101022	-0.0191346	0.014995	-0.0401117	-0.0582701	-0.0477048	-0.00161282	-0.0288922	0.00830521	0.0212472	0.0308883	0.0541635	-0.0185728	-0.0330094	0.0775462	-0.0054706	0.0443296	-0.0427595	0.053395	0.00728288	0.0509664	0.0194749	-0.0334024	0.0404695	-0.00909003	0.0222149	0.0118739	-0.00766664	0.00146182	0.00647564	-0.028017	-0.0256283	-0.0114868	-0.00357976	-0.0198685	0.0141405	0.0182697	-0.0623261	0.0222243	-0.033603	-0.0381939	-0.0119308	0.0166262	-0.0332042	-0.0366562	-0.006447	-0.0133723	-0.0322088	0.00052133	0.0384571	0.0756697	0.0656376	0.0571224	0.0628805	-0.0446878	-0.0241339	0.00162524	-0.0440511	-0.0185938	0.0119587	-0.0580169	-0.00977226	-0.0426858	-0.0292983	0.0599422	-0.0329238	-0.0168999	0.0302545	-0.0415876	-0.0272417	0.0174932	0.00650886	-0.00113913	-0.0580082	-0.0287245	0.034196	0.0166781	0.00282589	0.0103824	-0.0111124
-0.0956265	1	-0.0669318	-0.013721	-0.0405859	-0.0477096	-0.027578	-0.113783	-0.0500542	-0.0184932	-0.11707	-0.0750328	-0.121616	0.177443	-0.0776815	-0.113134	-0.0118809	-0.0218865	0.16264	0.179913	-0.101473	-0.0372537	-0.0706049	-0.066357	0.0846959	0.194674	-0.0533725	0.131204	-0.00434569	0.0345845	-0.0220173	0.134157	-0.0715899	0.00570694	0.000460936	-0.0300012	-0.017418	-0.0756652	-0.0658486	0.116891	-0.0740304	0.0016119	-0.0437248	-0.041491	-0.0397645	0.565047	-0.0438656	0.00824111	-0.0272358	-0.0300022	0.156932	0.00456627	0.11098	0.0115215	-0.073421	-0.0901676	-0.0323806	-0.0320364	-0.00569703	-0.0718431	-0.029519	-0.0282389	-0.0392211	-0.0395051	-0.0400804	0.0777697	-0.100332	-0.029572	0.00195899	-0.000393299	-0.0143043	0.00608903	0.130166	0.00447386	-0.0357477	0.109379	-0.0184282	-0.032082	-0.0418422	-0.0306516	-0.0276043	-0.0266411	0.00490345	-0.0243217	0.0954496	0.11213	-0.0896741	-0.0119488	0.0251814	-0.038988	-0.0479895	-0.0186252	-0.00319976	-0.0312841	0.0389429	-0.0222192	-0.0222359	0.0192438	0.00048943	-0.0135394	0.0179188	-0.01183	-0.0818768	0.0393486	0.0219452	0.0289429	0.0358991	0.0636355	-0.0187408	0.0820259	-0.0112978	-0.0114313	-0.017954	0.00362101	-0.0203123	-0.00626977	-0.0305756	0.0025007	-0.0196945	-0.0225907	-0.0132179	-0.034093	0.000361893	-0.00530888	0.0319476	-0.0100227	0.135682	-0.0324273	-0.0144196	-0.0110074	-0.0353617	-0.0293896	-0.00864296	-0.0294706	-0.015475	0.0715801	-0.0418442	-0.0193775	0.0297674	-0.0261007	-0.0248484	0.0534127	-0.0150017	-0.0374944	-0.0220267	-0.0499799	-0.0184369	-0.0220929	-0.036343	0.117979	-0.0397394	-0.0378418	0.0442335	-0.0295769	-0.0299403	0.00284419	-0.00569696	-0.0221418	0.010072	-0.0145602	-0.0269132	0.0184316	-0.0158564	0.056038	-0.018741	0.00946724	0.0246538	-0.0251129	0.00212115	0.0657373	0.0307352	-0.0213946	-0.0013087	0.0753305	-0.0206496	-0.00747283	0.014717	-0.00907125	0.053531	-0.0377801	0.0351977	-0.0010191	-0.00160495	-0.0198551
-0.142782	-0.0669318	1	-0.027734	-0.0554946	-0.0613785	-0.0421712	-0.17969	-0.0584708	-0.0398165	-0.0910285	0.187911	-0.128468	-0.0181296	0.0916325	-0.153182	-0.0272705	0.0705684	0.0464316	0.0193299	-0.0984607	-0.0834352	-0.107459	0.027222	-0.0154043	-0.062006	0.137816	0.0700996	-0.0465596	0.167666	-0.0142793	0.00356613	-0.0204625	-0.00639041	0.09309	-0.00622603	-0.0301063	-0.0935806	0.0595286	-0.0620519	0.0028505	-0.0151572	0.0437061	0.0406964	-0.0510929	-0.036254	0.0435947	0.0338332	-0.00676852	-0.0413385	-0.0743433	0.00714748	-0.092509	0.0326336	0.0577536	0.0222239	-0.0253277	-0.0189263	-0.016408	0.0822392	0.0254	-0.00856599	0.0677663	0.0253511	-0.0438118	-0.0578285	-0.053031	0.0370942	0.0170621	0.0139628	-0.0152714	0.0393515	-0.0324841	0.0544422	0.0154173	0.00830313	-0.0338293	-0.0368486	0.0154424	-0.0120337	-0.00395589	-0.0642441	-0.00608907	0.077818	-0.0412979	0.0760605	-0.044729	-0.0308763	-0.0545758	0.0162244	0.0291864	-0.0202148	0.00353485	-0.0427552	-0.0232392	-0.0630729	-0.052922	-0.0324977	-0.0544383	-0.0290983	-0.0418777	-0.0404607	-0.0198363	-0.0037593	-0.000663042	-0.0257969	0.0139607	0.00696966	-0.0213782	-0.0258316	-0.00824925	-0.0336788	0.00840755	-0.00892073	-0.0320288	0.00177573	-0.0153983	-0.00341641	-0.0115595	3.13034e-05	-0.0404729	0.0191448	-0.0103321	-0.0252086	0.00575376	-0.0151123	-0.0089831	-0.0116222	-0.000687002	-0.010661	-0.0329022	-0.0273946	0.0455604	-0.00164889	-0.0171236	-0.016912	-0.0124927	-0.0143248	-0.0211772	-0.00532042	0.00396475	0.00549134	0.0165072	-0.00645937	-0.0164314	-0.0108068	-0.0225048	-0.030386	-0.00133788	-0.0277234	-0.00375321	0.00286616	0.0341478	0.00584142	0.0390443	-0.00266149	0.00943753	-0.0436855	-0.00553415	0.0104678	-0.00428784	0.00983889	-0.027797	-0.00981242	-0.0150735	0.0247824	0.00369196	0.0135273	-0.027767	-0.0104997	0.0219575	-0.0502965	0.00353685	-0.0102987	-0.0119047	0.022968	0.0901167	0.00833815	-0.00197875	0.0112212	-0.013681	0.0257955	-0.0122663	0.0140379
-0.0430084	-0.013721	-0.027734	1	-0.0239795	-0.020515	-0.00687028	-0.0572511	-0.0127524	-0.0122932	0.0245108	-0.0323888	0.120395	-0.0626332	-0.0377952	0.105155	-0.00783236	-0.030621	-0.0872572	-0.0626897	0.0857792	0.22975	0.126187	-0.033964	-0.019696	-0.0194944	-0.0516258	-0.0690318	-0.0106324	-0.0241584	-0.0267362	-0.0424145	0.0700932	-0.0230244	-0.0336091	-0.0242219	-0.0209548	0.0992867	-0.0481365	0.0775006	0.0197549	0.0457987	-0.0607916	-0.0601624	-0.0153304	-0.00448746	-0.0608462	-0.0394781	0.00507516	-0.0265964	0.131777	-0.0137482	0.0918558	-0.0298591	-0.0447786	-0.0597072	-0.010859	-0.0058371	-0.0118799	-0.068531	-0.0120239	-0.00406275	-0.0618922	-0.00728283	-0.0139698	0.0496343	0.0387717	-0.00827216	-0.0254393	-0.00952302	-0.0183315	-0.00566719	0.0131383	-0.017891	-0.0166269	-0.0125004	0.184739	0.117897	-0.0144662	-0.0118852	0.0030947	0.150182	-0.0178413	0.00565447	-0.00301661	-0.022166	0.0269839	0.000637454	0.0151016	-0.0115312	-0.0177286	-0.0270676	-0.0178048	0.0188423	0.000914364	0.0715795	0.04478	-0.0139004	-0.010309	-0.0231323	0.104157	-0.0230351	-0.0369446	-0.0281875	-0.00311318	0.00964071	0.0221395	0.00930767	-0.014982	0.0312339	-0.0123177	-0.00263692	0.00891981	-0.00633583	-0.0176546	-0.00291326	-0.0173434	-0.0168801	-0.00530131	-0.0058244	-0.0174999	0.014867	-0.0243923	0.00201086	-0.0229357	-0.00609106	0.0726081	-0.00785093	-0.0179718	0.000278876	0.000837753	-0.00744794	-0.0114388	-0.0160879	-0.00773023	0.117073	-0.00348936	0.0297347	0.0490115	0.0361189	0.0221089	0.0735847	-0.0203086	-0.0197051	-0.0204434	0.0113548	-0.0140781	-0.0104157	-0.0191728	0.0228827	0.0180293	-0.00348623	0.0214322	0.0116665	-0.00945018	-0.0153022	-0.00919448	-0.0133006	0.0445019	-0.0133059	0.000973004	-0.0173905	-0.0107269	-0.0179585	-0.00229065	-0.0188857	-0.0115221	0.000255352	-0.0169239	-0.015798	-0.0135896	-0.00928572	-0.0123526	-0.0166916	-0.0177651	-0.0179876	-0.0175322	0.00185072	-0.0187151	-0.0148292	0.0105908	-0.00587021	-0.0140444	-0.0037866
0.386536	-0.0405859	-0.0554946	-0.0239795	1	-0.0507433	-0.0330709	-0.125778	-0.0389604	-0.0323928	-0.159037	0.0761317	-0.106291	0.127888	0.233262	-0.124167	0.0127474	-0.0511517	0.155051	0.176544	-0.0642627	-0.0586279	-0.0867268	0.108673	-0.034896	-0.0717586	0.0244501	-0.0484348	-0.0350462	-0.0161258	-0.0138351	-0.0180991	-0.0546596	0.125626	-0.0155326	0.049672	-0.017075	-0.0467426	-0.00705005	-0.0555033	-0.088305	-0.0679463	0.122403	0.120947	-0.0338877	-0.0174075	0.112298	0.0596636	0.0414533	0.0598662	-0.0390541	-0.0257822	0.00710988	-0.0108954	-0.0685874	0.00200016	-0.0106795	-0.0127843	-0.0229152	-0.0529243	0.0344136	-0.0375602	-0.0703651	0.0355023	-0.0363537	0.0652717	0.02355	0.0433842	-0.0719775	-0.0164503	0.0233737	0.00212288	-0.0164501	-0.0221509	0.00756614	-0.0113518	0.00470867	-0.0235685	-0.0344443	0.153947	0.031033	-0.0377008	-0.0206239	-0.0107628	-0.0232502	0.0118409	-0.00978684	-0.00935745	-0.0508395	-0.0419977	0.0516464	0.139169	0.0469383	-0.0351464	-0.0340288	-0.0430215	0.0248768	0.0745025	0.0418723	-0.0212875	-0.0276031	0.0315612	-0.0136932	-0.0417404	-0.0141298	0.000729851	0.0246665	0.0484052	-0.0301537	0.0183556	0.00832613	-0.0108503	0.0827262	0.000371898	0.0275405	-0.0130818	-0.0083155	-0.00818559	-0.00995049	-0.0164799	-0.032343	0.0329256	0.0373966	0.0144433	-0.0303415	0.0123049	-0.00493745	0.0556551	-0.00180991	0.0125776	-0.0115763	0.0115618	-0.0120189	-0.0213043	-0.0105525	-0.0221698	-0.0187851	-0.0177662	0.0299805	0.00872908	0.0126556	-0.0370341	-0.0263166	-0.0229661	-0.0059724	-0.00457164	0.0302004	-0.00344447	0.00128738	-0.013875	0.00803021	-0.0276087	0.00968022	0.0726421	-0.013327	-0.0164645	-0.00250002	0.00634205	-0.00452923	-0.0310354	-0.00175316	-0.0233899	-0.00297715	-0.0213974	-0.0322578	0.0355121	-0.0170089	-0.0124597	-0.01379	-0.0104519	0.0519759	0.00447531	-0.0294587	-0.000954056	0.0130168	-0.024624	-0.0156657	-0.00485243	-0.00592082	0.00784858	-0.0122942	-0.00334902	0.0105033	0.0543378
-0.135679	-0.0477096	-0.0613785	-0.020515	-0.0507433	1	-0.0271272	-0.165806	-0.0556142	-0.0456819	-0.113602	-0.0333895	-0.0529078	0.153665	-0.100579	-0.0691477	-0.0289637	0.00410086	0.0692449	0.0686532	0.0633275	-0.0187409	-0.0925901	-0.0381392	-0.0501777	0.0893004	0.0340089	0.0667096	-0.0653168	-0.0282273	0.148857	0.073151	-0.0353369	0.0576236	-0.0138521	0.0657239	-0.0364744	-0.0280121	0.0832462	-0.0279252	0.0125492	-0.0304016	-0.00483652	-0.0100049	-0.0719663	-0.0131085	-0.024846	0.0128523	-0.0198973	-0.015434	0.0267813	-0.0368151	0.00775161	-0.00703837	0.0351731	0.0159811	-0.0390958	0.0896736	-0.024664	0.0734521	0.101037	-0.0226776	0.0240927	0.0637997	0.201572	-0.040445	-0.0550162	0.140872	0.0128392	0.0289042	-0.0404738	-0.026252	-0.0275748	-0.052702	-0.0108568	-0.0213114	-0.0329589	-0.00945239	-0.0112416	0.0433504	0.0515104	-0.0345335	-0.0389229	-0.0103735	-0.0347594	-0.0685464	0.0483844	0.0486542	-0.0611742	-0.00194954	0.150031	-0.0175888	-0.0102655	-0.050825	-0.035949	0.0921622	0.137507	0.00350216	-0.0262829	0.0914782	-0.0522477	0.133761	-0.0258838	-0.0452302	-0.0284007	-0.0224043	0.0631658	0.016328	0.276628	0.036892	-0.0190325	-0.0232879	0.0543079	-0.0286531	-0.0542304	0.0227924	-0.0028904	0.115815	-0.0381391	-0.0266042	-0.0507686	0.0749002	-0.025916	-0.0320465	-0.00268755	-0.0365503	-0.011155	0.00536249	-0.02707	-0.0265309	-0.0553173	-0.000409813	0.15372	0.00487094	-0.00931844	-0.0294217	-0.0226376	-0.0137152	-0.0190862	-0.0177166	-0.017776	-0.0235993	0.00542782	-0.0088208	-0.01736	-0.0188247	-0.0146992	-0.0174489	0.0304878	-0.0151125	-0.0251063	-0.0289417	-0.0238419	-0.0154854	0.0103786	-0.0325611	-0.0265061	-0.0544884	-0.0319718	0.00225031	0.00426746	-0.0336184	-0.0183803	0.0907382	0.283661	-0.000131245	-0.0338023	-0.0370751	-0.0131213	-0.0105786	-0.0183409	-0.0128782	-0.0306656	-0.0124601	-0.00880778	-0.0120916	-0.0300112	-0.0246652	-0.00908869	-0.0311391	0.00199138	0.00413469	0.00145392	-0.0161019
-0.0885409	-0.027578	-0.0421712	-0.00687028	-0.0330709	-0.0271272	1	-0.083872	0.657758	-0.0410873	0.143831	-0.0500857	-0.095	-0.106176	-0.0724249	0.161185	-0.028475	-0.0362414	0.121134	-0.0916998	-0.110331	-0.0413553	-0.084296	-0.056258	-0.023307	0.265153	-0.0597663	0.131615	-0.0287916	0.00298557	-0.0121029	0.158766	-0.108424	-0.0296718	-0.038721	-0.0314895	-0.0116575	-0.0876362	0.169644	-0.105791	0.132606	-0.0433703	-0.0793093	-0.0864627	-0.0446833	-0.0184429	-0.0864904	-0.05501	-0.0122104	-0.0561246	-0.0597257	-0.025238	-0.0975164	-0.0404776	0.187487	0.121762	-0.0133845	-0.0168093	-0.022763	0.124428	-0.0230863	-0.0151574	0.136718	-0.0130117	-0.0341526	-0.0965612	0.11387	-0.00406375	-0.0651172	-0.00290526	-0.0251362	-0.0132068	-0.0147359	-0.0209317	-0.00876482	-0.00784897	5.30911e-05	-0.0177684	-0.0165822	-0.026519	-0.011143	0.281577	-0.0261229	-0.0149106	-0.00990172	-0.0588114	0.0947003	-0.0382738	-0.0336318	-0.0146077	-0.0162432	-0.0168631	-0.0199702	-0.0320014	-0.0162621	0.15354	0.115487	-0.0265281	-0.0395489	-0.00395093	0.240144	-0.0477084	0.108937	-0.0176701	-0.0111717	-0.0147027	-0.0434066	-0.0664169	0.00505573	-0.0642543	-0.0138786	-0.0274858	-0.00955894	-0.0148261	-0.0203529	-0.0220061	0.000606286	-0.0240001	-0.0178742	-0.0253587	0.00610754	-0.0456882	-0.00980686	-0.0189421	-0.0193929	-0.0236467	-0.00119617	-0.0327666	-0.0103852	-0.0278975	-0.0222945	-0.0210611	-0.0111244	-0.00729299	-0.0279616	-0.0138815	-0.00796424	0.0189351	-0.0360745	0.0191202	0.0334394	-0.0198192	0.067764	-0.0238461	-0.018816	-0.00713163	-0.0146082	-0.0200951	-0.0321032	-0.0341814	-0.00122139	-0.026664	-0.0277286	-0.0282517	-0.00659157	-0.0201334	-0.0227027	0.00604094	0.176886	-0.0123088	-0.0230491	-0.0257557	-0.020151	-0.0184722	-0.00339624	-0.00868721	-0.0230915	-0.0126484	-0.00152961	-0.023617	-0.0211743	-0.0106702	-0.0113956	-0.017169	-0.00332186	0.0620618	-0.00588587	-0.0466175	-0.0137585	0.00604642	-0.0254591	0.00275854	-0.0125002	-0.0247768
-0.306694	-0.113783	-0.17969	-0.0572511	-0.125778	-0.165806	-0.083872	1	-0.122588	-0.0994918	0.207913	-0.0595778	-0.0318422	-0.186198	-0.23775	-0.0572455	-0.0532161	0.20078	-0.238072	-0.228687	0.0724667	0.105743	-0.0158337	-0.034536	0.0757366	-0.0220782	-0.0308633	-0.0140611	0.185113	-0.0650442	-0.0457988	-0.029817	0.0531718	0.0569064	0.00752082	0.101872	0.123036	0.0434996	0.00448236	-0.0252026	0.00473858	0.132287	0.0324146	0.0267715	-0.14461	-0.068157	0.0299744	0.0556831	-0.00693066	-0.0863153	0.0417189	0.120971	-0.0282634	0.0385058	0.0190056	-0.0494727	-0.0614376	-0.0327951	-0.0127683	0.0484897	0.0105271	-0.0470644	0.0460839	-0.0415381	0.0729113	0.0322995	-0.00779884	-0.0549407	-0.07243	0.0568812	-0.0620292	-0.0170458	-0.0545951	0.0284819	-0.0359971	-0.0249901	-0.0462751	0.0133486	0.0267395	0.0207889	-0.0138131	-0.0478737	-0.0448242	-0.048894	0.000321944	-0.0123088	0.108086	-0.117398	-0.0878199	0.0274686	-0.0697191	-0.0550099	-0.0268484	-0.10041	-0.0207158	0.0617586	0.00522009	-0.00165872	-0.0610607	-0.0538034	-0.0307356	0.0869645	-0.0274514	0.0261755	-0.0389634	-0.0424834	-0.0795999	-0.0152007	-0.0350408	0.0174932	-0.0101223	0.0693565	0.00949855	-0.0377253	0.0301232	-0.0348948	-0.00470728	0.0119959	-0.0326533	-0.0980703	0.119931	0.0204545	-0.00579725	-0.0010541	-0.0221951	-0.0200144	0.0229611	-0.0156862	-0.0364757	0.000789936	0.0185207	0.0314949	-0.0453349	0.0103575	0.110113	0.0426725	-0.0634307	-0.0317103	-0.00356173	-0.0146761	-0.0291552	0.0575613	-0.0344051	-0.0409387	0.0288778	-0.0471641	-0.0159514	0.0637097	-0.0113188	-0.0128626	-0.0551354	-0.0509433	0.0335305	-0.0106671	-0.0298668	0.0122788	-0.023837	0.0478561	0.022767	-0.0294148	0.00822384	-0.0531352	0.0323678	-0.0199322	-0.0258895	-0.000151615	-0.0495806	-0.0705284	-0.026876	0.0220792	0.0217337	-0.0119152	0.117947	0.0371551	-0.00821158	-0.020624	-0.0201816	0.0287993	0.0106372	0.011321	-0.000739439	-0.0193035	-0.025174	0.0607297
-0.120624	-0.0500542	-0.0584708	-0.0127524	-0.0389604	-0.0556142	0.657758	-0.122588	1	-0.0512706	0.214802	-0.0741871	0.0388497	-0.163785	-0.102665	0.23711	-0.0306364	-0.0327233	0.00869862	-0.12759	-0.0830985	-0.0283377	-0.0927746	-0.0231474	-0.0308857	0.249642	-0.0557629	0.119104	-0.0382226	-0.0176035	0.0266716	0.13963	-0.114223	-0.0325818	-0.0312556	-0.0419671	-0.0388235	-0.101788	0.158367	-0.117259	0.145185	-0.0564546	-0.0487598	-0.0531655	-0.0511173	-0.0396459	-0.0534026	-0.0463218	0.0155246	-0.0599227	-0.0780642	-0.0307593	-0.1163	-0.0178523	0.159995	0.0925666	-0.0184172	-0.0159821	-0.0180424	0.116131	-0.021762	-0.0101037	0.127078	-0.0123365	-0.0454192	-0.0872987	0.0683986	0.00420922	-0.0229114	-0.0162118	0.00980161	-0.016807	-0.0230682	-0.041199	-0.0107794	-0.0254587	-0.0150346	-0.0230662	-0.0107084	-0.0316098	0.0204199	0.178431	-0.0416375	0.0630937	-0.0176731	-0.0889183	0.060398	0.0326324	0.0406156	-0.0127547	0.000669838	-0.033026	-0.0243556	0.0319141	0.0275055	0.0937168	0.100369	0.0184352	0.0226296	0.00517045	0.159976	-0.0105586	0.105914	-0.0205988	-0.015945	0.000733514	-0.0444913	-0.0432345	-0.0119275	-0.047631	-0.0155811	-0.0183415	-0.0201618	-0.0146679	0.0214344	-0.0214967	0.00212112	-0.0239056	0.00501973	-0.0415399	-0.00331682	-0.0404097	0.000817458	0.000823151	-0.0281763	-0.0217777	-0.00865991	0.0247679	-0.014083	-0.0217901	-0.0316464	-0.0161487	-0.0145344	-0.0198089	-0.0279491	-0.0266122	-0.0430059	-0.0114787	0.0165262	0.0114319	0.0238407	-0.0327594	0.02024	-0.0424087	-0.0268713	-0.0285445	-0.0207288	-0.0251841	-0.030676	-0.0325962	-0.0185032	-0.0349209	-0.0220723	-0.0149195	-0.0128413	-0.00447098	-0.00144936	0.022362	0.158159	-0.00613483	-0.0292196	-0.0361498	-0.0250048	-0.0146503	-0.014414	0.0161022	-0.0341933	-0.0310691	0.0164449	-0.0380851	-0.0106482	-0.0142588	-0.0249723	-0.0268366	-0.0109803	0.025865	-0.0140825	-0.0512594	-0.0166078	0.0210077	-0.0280927	0.0231662	0.00143431	-0.0165087
0.328799	-0.0184932	-0.0398165	-0.0122932	-0.0323928	-0.0456819	-0.0410873	-0.0994918	-0.0512706	1	-0.0893779	-0.0547039	-0.0375987	0.134222	0.249401	-0.0439451	-0.0256129	-0.073865	0.085197	0.144604	-0.0969448	-0.0448006	-0.0546288	0.204233	-0.031298	-0.0565873	-0.0331443	-0.0855182	0.351991	0.137901	-0.0190599	-0.0575193	-0.108027	-0.0437059	-0.0500367	0.0522921	0.139418	-0.021624	-0.10657	-0.104178	-0.0222151	-0.062081	-0.0327277	0.106566	-0.0285247	-0.00214143	0.109828	-0.0603866	-0.0263986	-0.0536489	-0.0712648	-0.0254554	-0.0952718	-0.0454953	-0.0328798	-0.0652447	-0.0379158	-0.030401	-0.0136689	-0.0840775	-0.0478045	-0.0234012	-0.0634126	-0.0109981	-0.0299744	0.0994436	0.0937148	-0.0397262	-0.00298392	-0.0261576	-0.0178924	-0.00525457	-0.0220105	0.0636795	-0.00758973	-0.0245364	0.00622408	-0.0358025	-0.0225775	-0.0319412	-0.0247619	-0.0326254	-0.0160527	-0.0183204	-0.0276698	-0.0237075	0.0630706	-0.057001	-0.0418987	-0.0233977	-0.0339201	-0.0101055	-0.0120575	-0.0243497	-0.0317887	-0.0616825	-0.0885069	-0.0482205	-0.051953	-0.0229131	-0.0371053	-0.0574955	0.0668599	0.018572	-0.019659	-0.0203923	-0.0678479	-0.0449134	-0.00802677	-0.0302449	-0.0196701	-0.0133779	-0.0278548	-0.0168794	-0.0356891	0.000521136	-0.0265948	-0.0177043	-0.00543298	-0.000757269	0.14485	-0.0212036	-0.0142685	-0.0233797	0.0861646	-0.0266375	-0.0187545	-0.0254475	-0.0293129	-0.0225789	0.0757805	-0.021428	-0.0131315	-0.0218361	-0.0169917	-0.0096526	-0.0519885	-0.0304903	-0.0293549	-0.0235529	-0.0235576	-0.0234034	0.004768	-0.0389935	-0.0267653	-0.0483402	-0.0219004	-0.0245	-0.00864223	-0.0100343	-0.0410445	-0.0362857	0.00824479	-0.0413455	0.012256	-0.00747256	0.00514414	0.19552	-0.0243875	-0.0256901	-0.0152792	-0.0324267	-0.0202229	0.0736621	-0.0107966	-0.0262902	-0.0277014	-0.0139812	-0.00670576	-0.0219433	-0.0292481	0.122652	-0.0120033	-0.00931476	-0.0200583	0.00565845	-0.0137484	-0.0353022	-0.0192456	-0.0167147	0.0363401	-0.00411686	-0.0209425	-0.0242474
-0.332667	-0.11707	-0.0910285	0.0245108	-0.159037	-0.113602	0.143831	0.207913	0.214802	-0.0893779	1	-0.331643	0.615279	-0.762624	-0.455972	0.628167	-0.148764	0.239945	-0.637453	-0.505231	0.236451	0.101605	0.252634	-0.1606	-0.0624195	0.0316042	-0.113601	-0.10911	0.0741216	0.120956	-0.0279651	-0.0147928	0.132198	-0.0150993	-0.153306	0.0530161	0.148408	0.271169	-0.0151564	0.0740067	0.136321	-0.0481279	-0.193843	-0.231007	0.248528	-0.118586	-0.224066	-0.138811	-0.0741581	0.173716	0.0364737	-0.0725147	0.175317	-0.136004	0.038547	0.170052	-0.0836689	-0.0505405	-0.0693932	-0.0544433	0.0007524	-0.0807089	-0.0576549	-0.03882	-0.0614846	-0.0956858	-0.0248748	0.0529979	0.113764	0.0223774	0.0996973	-0.0833402	0.0396858	0.024026	-0.0245337	-0.0447944	0.0257382	0.0103296	-0.0618807	-0.0275705	-0.0244587	0.0759835	0.103141	-0.058587	0.0573652	-0.130808	-0.0392047	0.162033	0.180585	-0.057739	0.0216586	-0.0344429	0.0523608	0.171325	0.0831706	0.0901139	0.10767	0.0244718	0.117981	-0.0655771	0.137943	0.0138589	0.00718966	0.0930848	-0.012016	0.0027444	-0.0534276	0.00904827	-0.0573562	0.00692613	0.0205527	0.060773	-0.0119283	-0.00561748	0.0359224	-0.0728827	0.00594417	-0.0241186	0.0880753	0.0682104	-0.0194929	0.0129184	-0.0237815	-0.0106612	-0.00688241	-0.00929553	0.0234937	-0.00593687	0.0411888	-0.0180761	0.0155095	0.0369072	-0.0296223	-0.0233775	-0.0869044	0.000544035	0.0257097	0.00472194	-0.0266908	-0.00303893	0.0231808	0.00791074	-0.0114909	0.0352214	0.0520207	0.0235531	0.026141	0.0655239	0.0294936	-0.00953033	0.0370177	0.0245271	0.0143684	-0.0153943	-0.0507117	-0.00941539	-0.0273227	-0.0411228	0.0219962	-0.00874963	-0.00526416	0.0457865	0.0705166	0.038485	-0.0721459	-0.0141297	0.0663308	0.0742902	0.0596173	0.00867147	0.0101122	-0.00645559	0.0630678	0.00403314	-0.0144708	0.0015118	0.0421024	0.0578923	0.00326261	-0.0256654	-0.0106969	-0.0172676	0.0011919	-0.0371788
0.0427106	-0.0750328	0.187911	-0.0323888	0.0761317	-0.0333895	-0.0500857	-0.0595778	-0.0741871	-0.0547039	-0.331643	1	-0.238934	-0.248267	-0.142154	-0.265347	0.293649	-0.11994	0.271383	-0.138068	-0.0416833	-0.0341944	-0.0107466	-0.0895727	-0.0716221	-0.103051	0.184021	0.0497147	-0.0701831	-0.0432877	0.00124466	-0.0814051	0.148245	-0.0468072	0.203697	0.0452636	-0.0610601	-0.00704025	-0.0302535	0.124612	-0.0918955	0.11193	0.0305953	0.0221439	-0.062266	-0.036064	0.024351	0.118029	0.160867	-0.081295	0.0455987	-0.032788	-0.0257498	0.165074	-0.0219428	-0.067709	0.203282	-0.0451687	-0.0273437	0.133306	0.0824247	-0.0251679	0.0895051	-0.0126977	-0.0695361	-0.0888518	-0.0965785	0.109789	0.0858735	0.0521146	-0.00469796	-0.0314099	-0.0408196	0.0972414	-0.00902353	-0.0300108	-0.0237114	0.0212483	0.281828	-0.0460056	0.0948539	-0.026836	-0.0385575	-0.0464457	-0.0480666	0.130513	-0.113373	-0.00848695	-0.0674373	0.214885	0.0757242	0.01751	-0.00616475	-0.0520563	-0.0375223	-0.03346	-0.0174479	0.00198952	-0.0285278	-0.0101811	-0.0735217	-0.0282825	0.026811	-0.0317521	-0.0185947	-0.0214079	-0.0188835	-0.00253813	-0.0390518	-0.0533149	0.00692178	-0.0401857	-0.0085924	-0.026162	-0.0507751	0.0558138	0.0763013	0.00735673	-0.0353559	0.0302222	-0.0421183	-0.0129726	-0.00338728	-0.020856	-0.0252577	-0.0227243	-0.030034	0.0205447	-0.0256156	-0.0113384	0.0415574	-0.0273959	0.0141435	0.0831193	-0.028809	-0.0303296	0.0257271	-0.0334075	0.0251856	-0.0266167	-0.0266826	-0.014295	-0.0119702	0.0585474	-0.0337876	0.0281688	-0.0144837	-0.0283488	-0.010789	-0.0417891	-0.0102446	0.0289816	0.010147	0.0146695	0.0158855	-0.00948997	0.00760871	-0.0341878	0.0589611	0.0152056	0.0402126	-0.00664972	-0.0364546	-0.0296133	-0.0371939	0.108775	-0.0217379	-4.92881e-05	-0.0388872	-0.0253792	0.00186844	-0.0159582	-0.0302605	-0.0213796	0.0423182	-0.013224	0.00912968	-0.0272506	-0.012906	0.0373104	0.0141603	0.00316624	0.023413	0.00249438
-0.213268	-0.121616	-0.128468	0.120395	-0.106291	-0.0529078	-0.095	-0.0318422	0.0388497	-0.0375987	0.615279	-0.238934	1	-0.531115	-0.318219	0.878745	-0.110513	-0.260626	-0.518373	-0.327085	0.418739	0.230649	0.416992	-0.184039	-0.0807953	0.0860204	-0.240638	-0.190176	-0.144858	0.00510087	0.0191877	-0.0692546	0.214922	-0.141284	-0.174822	-0.0219576	-0.0317441	0.375133	-0.0853116	0.220732	0.235605	-0.00227086	-0.310455	-0.330577	0.344041	-0.095253	-0.324018	-0.224771	-0.0475886	0.169728	0.176668	-0.0500628	0.277141	-0.155396	-0.0264192	0.0955479	-0.0670229	-0.0582548	-0.0631784	-0.116319	0.0229741	-0.046244	-0.13402	-0.0404448	0.0943792	-0.0652333	-0.00495795	0.0636889	0.0855989	-0.0655124	0.130653	-0.065908	0.0773134	-0.0722703	-0.00109906	-0.021459	0.0476345	0.140334	-0.117623	-0.101469	-0.00172208	0.119729	0.133818	-0.0142328	0.109298	-0.223578	-0.0118683	0.239659	0.24352	-0.114824	0.0588831	-0.0549471	0.0742343	0.247218	0.0946054	0.138271	0.175731	-0.0145589	0.120832	-0.0188022	0.141137	0.0675149	-0.0457122	0.0115682	0.00570646	0.0514513	-0.0142897	0.0317366	-0.0224471	0.0605481	0.0179102	0.0986807	-0.0588633	0.017761	-0.0091618	-0.0326056	0.0151987	-0.0441889	0.0956798	0.141439	-0.113271	0.019399	-0.0418914	-0.00787984	-0.00202091	0.000896064	0.040367	-0.0474019	0.0521247	-0.017429	0.00600353	0.0569406	-0.0372487	-0.00849629	-0.0501533	0.0359428	0.0611996	0.0141094	-0.0034197	0.00630297	0.0219885	-0.00704134	-0.0211989	0.0772316	0.0679559	0.0674304	0.0244862	0.0771426	0.0592406	0.0621083	0.0721216	0.0849028	0.02064	-0.0199924	-0.0447802	-0.0634761	-0.042241	-0.0646097	-0.0327916	0.0249045	0.0146625	0.107711	0.0848533	0.0607496	-0.0379275	-0.0631213	0.125747	0.123936	0.0561296	0.0420134	0.0191215	0.0166065	-0.0464618	0.0237478	0.00183249	-0.0207415	-0.0181543	0.0753642	0.0316844	-0.0147894	0.00869157	-0.0164209	0.0216476	-0.0322737
0.305815	0.177443	-0.0181296	-0.0626332	0.127888	0.153665	-0.106176	-0.186198	-0.163785	0.134222	-0.762624	-0.248267	-0.531115	1	0.595033	-0.522814	-0.0980503	-0.140835	0.516033	0.649869	-0.253412	-0.126343	-0.268832	0.247156	0.119568	0.00266817	0.00908222	0.0678508	-0.0151948	-0.0881798	0.0396229	0.0376416	-0.222435	0.0308295	0.0530806	-0.062683	-0.0978627	-0.280369	0.00208894	-0.148381	-0.122881	-0.0406655	0.202132	0.245155	-0.199603	0.157409	0.236863	0.0755785	-0.0192179	-0.126517	-0.0851098	0.0955967	-0.178958	0.0576073	-0.0413141	-0.143833	-0.0288601	0.0800243	0.0948599	-0.0203983	-0.0388052	0.113133	0.00478938	0.0622609	0.0482079	0.132572	0.0795295	-0.105685	-0.130688	-0.0445812	-0.0920869	0.108391	-0.0077924	-0.0705303	0.0372843	0.0774581	-0.00367707	-0.0897875	-0.0933429	0.0287497	-0.0294539	-0.109751	-0.0711373	0.0887536	-0.026295	0.0822906	0.0661149	-0.140448	-0.130661	-0.0822119	-0.0533841	0.0390014	-0.0461127	-0.13418	-0.0539369	-0.114309	-0.124253	-0.0156873	-0.0863076	0.087058	-0.119869	-0.0127196	-0.00703269	-0.0597781	0.0324896	0.014605	0.0625195	0.00356309	0.0815566	0.0180105	-0.0231326	-0.03443	0.027057	0.030264	-0.00521164	-0.00450592	-0.0466136	0.0305659	-0.059423	-0.0991244	0.0621106	0.000398748	0.00624423	0.0182327	0.037544	0.0178399	0.00175694	0.00581623	-0.0113636	0.0152094	-0.0307134	-0.0154692	0.0232925	-0.0506535	0.113588	-0.0403047	-0.0408525	0.028973	-0.0152503	0.0280724	0.00637677	-0.0359366	0.0292226	-0.0755982	-0.021941	-0.0396193	-0.00344448	-0.043254	-0.015512	0.02564	-0.0197367	-0.0544082	-0.00952856	0.0152686	0.0480124	0.0176065	0.0273852	0.0778819	-0.0817574	0.00033468	-0.0474537	-0.0310128	-0.0456654	-0.0154685	0.0956046	-0.0424837	-0.0441852	-0.0710353	-0.0284736	0.0172301	-0.00134709	0.0269435	-0.043108	0.0228348	-0.00987959	0.017468	-0.0532756	-0.0465339	0.0150976	0.0171757	-0.0122581	0.0162105	-0.00713785	0.0389538
0.542146	-0.0776815	0.0916325	-0.0377952	0.233262	-0.100579	-0.0724249	-0.23775	-0.102665	0.249401	-0.455972	-0.142154	-0.318219	0.595033	1	-0.35738	-0.060321	-0.0932899	0.276883	0.448409	-0.260226	-0.124448	-0.182152	0.477534	-0.0808389	-0.169042	-0.0211748	-0.175192	0.0871442	-0.0482159	0.00593739	-0.157094	-0.222334	-0.00137895	-0.00544463	-0.0951621	-0.0536706	-0.230788	-0.11452	-0.235373	-0.21921	-0.124665	0.30326	0.357353	-0.1097	-0.0666726	0.356972	0.00032169	-0.0268645	-0.0812286	-0.194664	-0.0453337	-0.234212	-0.0104776	-0.128953	-0.185283	0.0392675	-0.048459	-0.0404553	-0.167987	-0.0949198	0.213499	-0.124118	0.0974736	-0.0806267	0.242377	0.215706	-0.0813374	-0.118937	-0.0125536	-0.0450697	0.0384203	-0.0446556	-0.0230481	0.101636	-0.0221444	-0.0134182	-0.0482739	-0.0265303	0.066798	-0.0422364	-0.0813214	-0.0487586	0.0434591	-0.0682648	-0.0119906	0.101775	-0.0968141	-0.116351	-0.0191138	-0.000645714	0.0280688	-0.0283306	-0.0758595	-0.0779504	-0.130217	-0.118456	-0.0081903	-0.0497388	0.095557	-0.0907352	-0.0613626	0.0934991	-0.0480589	0.0242599	-0.0177497	0.0084125	-0.00655229	-0.0450544	-0.0317459	-0.000940796	-0.0190448	0.0404689	0.0277287	0.0259435	0.000270947	-0.0226592	-0.0217801	-0.0252004	-0.0426169	0.012458	0.007676	0.0500364	0.0131784	0.0390934	0.0212408	-0.0329582	0.0931566	-0.00418493	0.0288429	-0.00739527	0.00646467	-0.0384887	-0.0331086	-0.0240544	-0.0375073	0.00531564	0.0207814	-0.0127042	0.0329965	0.0389709	-0.0666038	0.0531102	-0.0286806	-0.0197857	0.00211746	0.02409	-0.0230343	-0.0268691	-0.0376375	0.0218426	-0.0384128	-0.00458848	0.0465349	0.0905286	0.0749831	0.0779886	0.0560231	-0.0386094	0.00349102	-0.038571	-0.0247934	-0.0211073	-0.0255572	-0.0445544	-0.0086467	-0.0227071	-0.0174553	-0.0319059	-0.0224687	-0.00734576	0.00818702	-0.022269	-0.0271967	0.0106562	0.0349538	-0.0341438	-0.0196544	-0.00797236	0.013161	-0.0177827	0.0331481	-0.00292815	-0.00542344
-0.255169	-0.113134	-0.153182	0.105155	-0.124167	-0.0691477	0.161185	-0.0572455	0.23711	-0.0439451	0.628167	-0.265347	0.878745	-0.522814	-0.35738	1	-0.131389	-0.296606	-0.480118	-0.389553	0.385638	0.248613	0.391065	-0.227184	-0.027512	0.185841	-0.277416	-0.121187	-0.163033	-0.0086089	0.00179332	-0.016975	0.198702	-0.159988	-0.153418	-0.0481179	-0.0436743	0.341335	-0.0255686	0.207071	0.290223	0.0445979	-0.33613	-0.370015	0.301376	-0.108157	-0.364145	-0.232382	-0.0579469	0.122767	0.176222	-0.0637663	0.248408	-0.149522	0.0388168	0.125885	-0.0804671	-0.0694734	-0.0723313	-0.0533893	0.0296224	-0.0594409	-0.0738886	-0.0575016	0.101385	-0.111137	0.0226343	0.0821674	0.0918595	-0.0743251	0.116736	-0.00685454	0.0627412	-0.0896828	-0.0111022	-0.0318928	0.0530193	0.116519	-0.121572	-0.115311	-0.013239	0.193021	0.115593	-0.0292769	0.0979846	-0.219729	0.00496665	0.214421	0.220309	-0.121518	0.0454832	-0.0398298	0.0618923	0.214414	0.096603	0.175435	0.199216	-0.0239471	0.0939717	-0.0381275	0.223585	0.0368874	0.00102973	0.030789	0.0371036	0.0399181	-0.0461611	0.0142155	-0.0265079	0.0396839	0.0191596	0.0794004	-0.0662387	0.0524692	-0.00570523	-0.0521829	0.00820375	-0.0620573	0.0847241	0.11008	-0.0780619	0.00208261	-0.0502112	0.00977848	-0.0128053	0.00799668	0.0317753	-0.0642056	0.0711207	-0.0327082	0.00773719	0.042647	-0.0574389	-0.0237063	-0.0612965	0.0485801	0.0507717	0.0319611	-0.00607624	0.000817087	0.0199275	-0.00492502	-0.00645972	0.0520261	0.0812092	0.0443561	0.0128591	0.0643427	0.0697191	0.0349726	0.0560129	0.0614895	0.00626426	-0.0384013	-0.0507679	-0.0741814	-0.0494367	-0.0324786	0.0231097	0.012286	-0.00183305	0.0842186	0.0669872	0.0494363	-0.0424684	-0.0662615	0.104568	0.108373	0.0720297	0.0277695	0.00597185	0.0274297	-0.0485461	0.0126517	0.00418392	1.93532e-05	-0.0356212	0.0635869	0.0203522	-0.00968612	-0.00515469	-0.018015	0.00812409	-0.0410575
0.0154599	-0.0118809	-0.0272705	-0.00783236	0.0127474	-0.0289637	-0.028475	-0.0532161	-0.0306364	-0.0256129	-0.148764	0.293649	-0.110513	-0.0980503	-0.060321	-0.131389	1	-0.0457516	0.153195	-0.0854584	0.0620806	0.07682	-0.00551799	-0.0574083	-0.00490926	-0.0519444	0.00703258	-0.0341892	-0.0210637	-0.0230177	-0.0115979	0.0600585	-0.00790322	0.0576235	-0.0394298	0.152207	-0.0284616	0.0182395	0.0723476	-0.00965526	0.0452527	-0.0412117	-0.0344575	-0.0382866	-0.033083	-0.0220068	-0.0357688	0.0126633	0.375078	0.0192047	0.0433532	-0.0101183	0.0479011	-0.0309459	0.0239422	0.0299252	0.233463	-0.0147564	-0.00593085	0.0823688	0.176425	-0.0220507	-0.00543787	-0.0276477	-0.0393423	-0.0571918	-0.10471	0.146568	-0.0368415	-0.0114971	-0.0071802	0.00391987	-0.0246674	0.0343409	0.0136814	-0.018884	-0.00949451	-0.0236702	0.0368113	0.115401	0.25421	-0.0404044	-0.0219269	-0.0211894	-0.024668	-0.00191867	-0.0526695	0.0808305	-0.0255115	0.0546581	0.155446	-0.0261129	-0.0137436	-0.022325	-0.00769561	-0.0560007	0.0201131	-0.00888241	-0.0201635	-0.00621183	-0.0388145	-0.0287302	0.0742526	-0.0298739	-0.000726891	-0.00313792	0.0558628	0.020095	-0.00973861	-0.0370132	0.0068462	-0.0214451	-0.0112372	-0.00952363	0.00552087	0.142122	-0.0208279	0.0186917	-0.00405489	0.0499821	-0.0321925	-0.0117856	0.0457466	0.016951	-0.0249061	0.0039381	-0.00612374	0.0592172	-0.00147072	0.00908868	0.0349927	-0.0110138	-0.0186087	0.0473787	-0.0120854	-0.0176371	0.0156131	-0.0268756	0.0626445	-0.0271759	-0.0248628	-0.0312051	-0.0255043	0.027953	0.000145697	0.00356044	0.00121559	-0.0114136	0.00165988	-0.0166869	-0.0135803	0.0163094	-0.0233307	-0.012516	-0.0114496	0.0260269	0.0539128	-0.0183676	0.0583344	-0.0133824	0.0330555	-0.0111457	-0.0135988	-0.0139885	-0.00999979	0.0731819	-0.00784909	-0.00328306	-0.00833671	-0.0171787	-0.0077028	-0.0137758	-0.0126915	-0.0184911	-0.0316921	-0.0133776	-0.00732787	-0.0248859	-0.0037241	-0.0195998	0.0289866	0.00530304	-0.00353679	-0.00338276
-0.109595	-0.0218865	0.0705684	-0.030621	-0.0511517	0.00410086	-0.0362414	0.20078	-0.0327233	-0.073865	0.239945	-0.11994	-0.260626	-0.140835	-0.0932899	-0.296606	-0.0457516	1	-0.334556	-0.223857	-0.100298	-0.0712249	-0.124049	-0.176669	-0.0564164	-0.109785	0.367724	0.200346	-0.0877406	0.215652	-0.0399647	0.175016	-0.0334495	0.387667	0.0218037	0.099314	0.264276	-0.0555795	0.195231	-0.128882	-0.150645	-0.0444659	0.0904473	0.0826883	-0.0906676	-0.036748	0.0712886	0.243981	-0.039044	0.181589	-0.14243	-0.0336984	0.0224236	0.0441741	0.0801346	0.212473	0.0063893	0.299574	0.0109018	0.0589596	-0.0813327	-0.0486952	0.103436	0.104522	-0.0963799	-0.0401799	-0.161128	-0.0695399	0.00894691	0.137823	-0.0327794	-0.0293086	-0.0423787	0.16706	0.080205	-0.0185131	-0.0254255	-0.0597467	0.053803	0.169733	-0.0316033	-0.0859291	-0.0310914	0.123946	-0.0587371	0.136733	-0.0790619	-0.0595057	-0.0650073	0.0643625	-0.010361	-0.0171985	-0.00969795	-0.0683366	-0.0160772	-0.0364768	-0.0410775	0.101071	0.0497852	-0.0501853	-0.0857091	0.0320891	-0.10509	0.116867	-0.0225754	-0.046485	0.0565284	0.0630967	-0.039477	0.0403311	0.0379965	-0.0365164	0.109648	-0.0330052	0.0720686	0.0161835	0.0160074	0.0596224	-0.0252752	-0.0493808	-0.0573724	0.0601553	0.0179368	-0.0389897	-0.00962458	-0.017697	-0.0285763	0.121457	-0.021432	-0.00430434	-0.0795212	-0.0189983	0.0616003	0.00825887	-0.0424911	0.0168954	-0.0517446	-0.0464725	0.0150757	-0.0390269	-0.0320683	0.0712542	-0.0240651	-0.0171112	-0.0443648	-0.0451261	0.000178805	-0.0321843	-0.0181332	-0.0173121	-0.0496185	-0.0217321	-0.0422185	0.0191986	-0.0192344	0.0786673	0.022735	-0.0151777	0.0226947	0.00521607	0.0219558	-0.0384259	-0.0317677	-0.0260504	-0.0317981	0.0709043	-0.0402738	-0.0462894	-0.0212672	-0.00856003	-5.52822e-05	-0.0450599	-0.0424469	-0.0109036	0.0229133	-0.0153185	0.143079	-0.0530815	-0.00590859	-0.0322822	0.000867866	0.0237697	-0.0193566	-0.0169603
0.310628	0.16264	0.0464316	-0.0872572	0.155051	0.0692449	0.121134	-0.238072	0.00869862	0.085197	-0.637453	0.271383	-0.518373	0.516033	0.276883	-0.480118	0.153195	-0.334556	1	0.683245	-0.282671	-0.203328	-0.244245	0.143784	0.183648	-0.0181321	0.0227844	0.0997076	-0.0702614	-0.142196	0.0228603	-0.0327805	-0.0880927	-0.110921	0.192945	-0.0214427	-0.147269	-0.251982	-0.0475424	-0.00935686	-0.11154	0.0700247	0.162928	0.189679	-0.25854	0.143789	0.192211	0.111811	0.083831	-0.265312	0.0147631	0.111254	-0.196754	0.174971	-0.033814	-0.227428	0.0773168	-0.12247	0.0748018	0.116702	0.0675761	-0.115977	0.0869018	-0.0603435	-0.0456587	0.0463226	0.0501358	0.00115147	-0.0977182	-0.0248014	-0.116891	0.0106069	-0.0329195	-0.0539083	-0.0689736	0.0343001	-0.023965	-0.0753868	0.0963858	-0.00148182	0.0300958	-0.0303677	0.076914	-0.0589712	-0.0600702	0.170055	0.0373259	-0.199539	-0.199804	0.092302	-0.0503462	0.0888005	-0.075295	-0.186493	-0.0935626	-0.0116099	-0.0605927	-0.0624993	-0.156178	0.0640753	0.039375	-0.0880812	0.0505037	-0.0706204	0.0368028	0.0182515	0.0525964	-0.00693918	0.0633123	-0.0156365	-0.0333012	-0.064524	0.0124868	0.0188328	-0.0339844	0.0386826	-0.020216	0.00450203	0.0207516	-0.07353	-0.00852789	-0.0304512	0.0382197	0.0333819	-0.055277	0.0308906	-0.0135052	-0.0164217	-0.0112237	0.0300953	-0.0170646	-0.0467321	0.0316356	0.0231543	0.0910864	-0.0489959	-0.0192947	-0.00791264	0.00342128	-0.0187983	-0.048975	-0.0474512	-0.0186098	-0.0309186	-0.038082	-0.0313055	-0.0104107	-0.061057	-0.0433891	0.0346082	-0.0397311	-0.0117815	-0.0115328	0.0131349	-0.0221896	0.010182	0.0255493	0.0296085	0.0201182	0.0354051	0.00228832	-0.0273371	-0.0657933	-0.0473664	0.0722162	0.0135823	-0.0406052	-0.0746755	0.0270409	0.0254243	0.0252808	-0.0117392	-0.0679662	0.00104956	-0.00613276	-0.00677827	-0.0497859	-0.0851651	0.0308726	0.0456485	-0.0184274	0.0189242	0.0144319	0.0407661
0.346441	0.179913	0.0193299	-0.0626897	0.176544	0.0686532	-0.0916998	-0.228687	-0.12759	0.144604	-0.505231	-0.138068	-0.327085	0.649869	0.448409	-0.389553	-0.0854584	-0.223857	0.683245	1	-0.254755	-0.152195	-0.221396	0.349183	0.162947	-0.0178579	-0.100359	-0.0255508	-0.0017357	-0.0927562	0.0434676	-0.0473213	-0.240815	-0.07618	0.0109201	-0.1104	-0.0896652	-0.267374	-0.105783	-0.147703	-0.121295	-0.00604674	0.22565	0.271365	-0.188676	0.191185	0.27357	0.00134756	-0.0235921	-0.191053	-0.074794	-0.0556806	-0.215629	0.0284292	-0.0877248	-0.219475	-0.0562494	-0.0825014	0.0818118	-0.109641	-0.100632	0.114863	-0.0561212	-0.0967151	0.028676	0.226428	0.106018	-0.0794744	-0.136522	-0.0499019	-0.0987219	0.0541321	-0.00271387	-0.093703	-0.0551109	0.0976867	-0.015252	-0.0762365	-0.0766232	-0.00538583	-0.0130478	-0.109126	0.110112	-0.00353659	-0.0232251	0.113864	0.0555405	-0.166667	-0.138873	-0.086334	-0.0767309	0.0884559	-0.0510224	-0.130648	-0.0711786	-0.0736732	-0.111853	-0.0565728	-0.118829	0.0971595	-0.0646903	-0.0280831	-0.0232463	-0.0489773	0.0509268	0.0578736	0.0979527	0.0279858	0.0887479	0.0318843	-0.0183958	-0.0283652	0.0141692	0.0341314	-0.0229194	-0.0242312	-0.0627443	0.0219895	0.0498614	-0.0887363	-0.00517905	-0.0164551	0.0343225	0.0165085	0.046949	0.0207802	0.0129286	0.00110505	0.0212338	0.0092179	-0.0544338	-0.0168223	0.0250353	-0.0581736	0.120998	-0.0499023	-0.0352938	0.0203004	0.00181276	-0.0027994	0.0036268	-0.0342709	0.0349927	-0.0764284	5.31749e-05	-0.0688166	-0.0126649	-0.0332206	-0.0140133	0.0781258	-0.0439827	-0.0564818	-0.00131279	-0.00109044	0.0573981	0.0216652	0.0215155	0.025136	-0.0709878	0.0379693	-0.043475	-0.0368678	-0.0397097	-0.000343202	0.0834196	-0.035273	-0.0429367	-0.0657443	0.0461391	0.0136478	-0.0192546	-0.0164128	-0.0323496	-0.0178383	-0.0213547	0.0192249	-0.0411924	-0.0287683	0.00173021	0.0470672	-0.0147021	-0.00235928	0.0147201	0.0269441
